0 0.558333 0.568519 0.037500 0.118519
1 0.690885 0.188889 0.025521 0.044444
1 0.050260 0.579630 0.025521 0.044444
1 0.436719 0.579630 0.025521 0.044444
1 0.350260 0.579630 0.025521 0.044444
1 0.488281 0.579630 0.025521 0.044444
1 0.179948 0.579630 0.025521 0.044444
1 0.645312 0.579630 0.027083 0.044444
1 0.980208 0.579630 0.030208 0.044444
1 0.138542 0.158333 0.039583 0.079630
1 0.617448 0.579630 0.028646 0.044444
1 0.595573 0.183333 0.046354 0.087037
1 0.351562 0.158333 0.039583 0.079630
1 0.366406 0.188889 0.025521 0.044444
1 0.004902 0.579912 0.009736 0.046271
