0 0.473177 0.410648 0.038021 0.117593
1 0.676823 0.400463 0.046354 0.071296
1 0.572656 0.332407 0.045312 0.083333
1 0.322656 0.239815 0.045312 0.083333
1 0.376302 0.090741 0.041146 0.066667
1 0.306510 0.726852 0.025521 0.044444
1 0.685156 0.726852 0.025521 0.044444
1 0.258073 0.726852 0.028646 0.044444
1 0.419271 0.413889 0.030208 0.044444
1 0.253646 0.413889 0.027083 0.044444
1 0.984635 0.413889 0.025521 0.044444
1 0.938021 0.696296 0.039583 0.079630
1 0.812240 0.726852 0.025521 0.044444
1 0.839323 0.402778 0.045312 0.066667
1 0.433073 0.413889 0.025521 0.044444
1 0.711198 0.402778 0.045312 0.066667
