0 0.545833 0.613889 0.037500 0.118519
1 0.290885 0.297222 0.046354 0.075926
1 0.309375 0.625000 0.027083 0.044444
1 0.138802 0.625000 0.025521 0.044444
1 0.190885 0.625000 0.025521 0.044444
1 0.570052 0.312037 0.025521 0.044444
1 0.595833 0.613889 0.051042 0.066667
1 0.046615 0.612500 0.045312 0.069444
1 0.040104 0.312037 0.027083 0.044444
1 0.739844 0.598148 0.046354 0.087037
1 0.772135 0.312037 0.025521 0.044444
1 0.770052 0.625000 0.025521 0.044444
1 0.330208 0.594444 0.039583 0.079630
1 0.339844 0.301852 0.045312 0.066667
1 0.389460 0.624612 0.028216 0.043989
