0 0.578646 0.593981 0.039583 0.110185
1 0.252344 0.560648 0.046354 0.071296
1 0.382031 0.492593 0.045312 0.083333
1 0.770573 0.574074 0.025521 0.044444
1 0.840365 0.574074 0.028646 0.044444
1 0.174740 0.558333 0.046354 0.075926
1 0.473177 0.574074 0.025521 0.044444
1 0.384635 0.802778 0.046354 0.087037
1 0.096875 0.562963 0.051042 0.066667
1 0.265365 0.887037 0.025521 0.044444
1 0.533333 0.887037 0.027083 0.044444
1 0.200781 0.562963 0.045312 0.066667
1 0.411458 0.877315 0.046875 0.063889
1 0.822917 0.876389 0.046875 0.063889
1 0.698698 0.876389 0.050521 0.063889
