0 0.520833 0.568519 0.037500 0.118519
1 0.575260 0.253241 0.046354 0.071296
1 0.634635 0.253241 0.046354 0.071296
1 0.266406 0.250926 0.046354 0.075926
1 0.172656 0.579630 0.025521 0.044444
1 0.623958 0.579630 0.027083 0.044444
1 0.966667 0.568519 0.051042 0.066667
1 0.112500 0.555556 0.044792 0.092593
1 0.351302 0.579630 0.025521 0.044444
1 0.725781 0.255556 0.045312 0.066667
1 0.090104 0.482407 0.051042 0.066667
1 0.770573 0.569907 0.050521 0.063889
1 0.916667 0.549074 0.039583 0.079630
1 0.944010 0.552778 0.046354 0.087037
1 0.810937 0.555556 0.044792 0.092593
1 0.051560 0.551626 0.038674 0.083384
1 0.024125 0.557775 0.039089 0.087049
