0 0.439360 0.576505 0.051635 0.116375
1 0.527083 0.256944 0.046875 0.071296
1 0.654427 0.256944 0.046354 0.071296
1 0.334635 0.153704 0.045312 0.083333
1 0.295573 0.255556 0.046354 0.075926
1 0.578125 0.256944 0.046875 0.071296
1 0.089583 0.583333 0.030208 0.044444
1 0.721875 0.572222 0.051042 0.066667
1 0.148177 0.537963 0.046354 0.109259
1 0.441146 0.270370 0.030208 0.044444
1 0.129167 0.270370 0.027083 0.044444
1 0.266667 0.572222 0.051042 0.066667
1 0.310677 0.478704 0.046354 0.087037
1 0.008581 0.582909 0.017162 0.044942
1 0.982495 0.554852 0.035011 0.076156
1 0.605806 0.576622 0.042063 0.060140
1 0.846589 0.571988 0.041014 0.058469
