0 0.493490 0.571759 0.041146 0.112037
1 0.288802 0.253241 0.046354 0.071296
1 0.633594 0.250926 0.046354 0.075926
1 0.175260 0.192593 0.045312 0.083333
1 0.532552 0.253241 0.046354 0.071296
1 0.664062 0.253241 0.046875 0.071296
1 0.560677 0.266667 0.025521 0.044444
1 0.195312 0.579630 0.030208 0.044444
1 0.482552 0.253704 0.048438 0.070370
1 0.669531 0.569907 0.050521 0.063889
1 0.195573 0.266667 0.025521 0.044444
1 0.273698 0.437963 0.046354 0.087037
1 0.607292 0.555556 0.044792 0.092593
1 0.806697 0.579458 0.026620 0.045668
