1 0.249075 0.561239 0.044849 0.098159
1 0.618914 0.161101 0.045471 0.096018
1 0.313543 0.148165 0.047694 0.096932
1 0.736652 0.155613 0.044401 0.098410
1 0.401838 0.164593 0.047759 0.098859
1 0.136804 0.609178 0.045296 0.098795
1 0.571703 0.167301 0.050460 0.093763
1 0.467535 0.168687 0.045410 0.098272
1 0.922462 0.600126 0.046229 0.097884
1 0.785665 0.156753 0.049961 0.097370
1 0.445131 0.168505 0.043290 0.096992
1 0.335533 0.151893 0.047333 0.099500
1 0.162484 0.579541 0.042411 0.096469
1 0.542605 0.166453 0.041955 0.097599