1 0.545054 0.443449 0.045866 0.095882
1 0.444115 0.446618 0.045389 0.095893
1 0.824970 0.449176 0.043856 0.096226
1 0.391313 0.828757 0.049276 0.098183
1 0.406053 0.444799 0.054200 0.093255
1 0.625821 0.440042 0.053093 0.093960
1 0.791533 0.823342 0.045363 0.096266
1 0.764302 0.433223 0.048531 0.099176
1 0.347538 0.832267 0.047137 0.096080
1 0.586533 0.440304 0.050150 0.099517
1 0.348439 0.436974 0.046713 0.099997
1 0.891266 0.447089 0.045894 0.096905
1 0.639946 0.806926 0.048223 0.098931
1 0.867901 0.447311 0.050490 0.095302