0 0.480208 0.568981 0.037500 0.117593
1 0.513281 0.173148 0.045312 0.083333
1 0.651823 0.253241 0.046354 0.071296
1 0.361198 0.253241 0.046354 0.071296
1 0.847656 0.253241 0.046354 0.071296
1 0.594010 0.579630 0.025521 0.044444
1 0.193490 0.266667 0.025521 0.044444
1 0.462500 0.255556 0.044792 0.066667
1 0.242969 0.569907 0.050521 0.063889
1 0.741406 0.552778 0.046354 0.087037
1 0.398177 0.489815 0.046354 0.087037
1 0.162760 0.569907 0.050521 0.063889
1 0.325781 0.266667 0.025521 0.044444
1 0.352083 0.549074 0.039583 0.079630
1 0.122558 0.252048 0.042218 0.076174
1 0.010712 0.579710 0.020164 0.043688