1 0.544010 0.443519 0.045312 0.096296
1 0.586198 0.439815 0.048438 0.100000
1 0.406250 0.444907 0.054167 0.093519
1 0.625000 0.439352 0.054167 0.093519
1 0.639844 0.807407 0.048438 0.100000
1 0.444531 0.446296 0.045312 0.096296
1 0.891927 0.447222 0.045312 0.096296
1 0.791406 0.823148 0.045312 0.096296
1 0.764323 0.432407 0.048438 0.100000
1 0.826302 0.449537 0.047396 0.095370
1 0.390885 0.829630 0.048438 0.100000
1 0.868229 0.448611 0.054167 0.093519
1 0.347656 0.437037 0.048438 0.100000
1 0.347135 0.832407 0.045312 0.096296
0 0.261979 0.496759 0.051042 0.117593
