1 0.952344 0.535185 0.048438 0.100000
1 0.923177 0.681481 0.045312 0.096296
1 0.244531 0.174074 0.045312 0.096296
1 0.151823 0.562500 0.047396 0.095370
1 0.114323 0.561111 0.048438 0.100000
1 0.385156 0.171296 0.045312 0.096296
1 0.801042 0.178241 0.054167 0.093519
1 0.258594 0.547222 0.048438 0.100000
1 0.299740 0.178241 0.047396 0.095370
1 0.182031 0.172222 0.045312 0.096296
1 0.677344 0.176852 0.045312 0.096296
1 0.835417 0.177315 0.054167 0.093519
1 0.457552 0.165741 0.048438 0.100000
1 0.562240 0.162963 0.048438 0.100000
0 0.423698 0.553704 0.053646 0.118519
