1 0.161719 0.534259 0.048438 0.100000
1 0.876823 0.524074 0.045312 0.096296
1 0.574740 0.539815 0.045312 0.096296
1 0.422656 0.536574 0.047396 0.095370
1 0.835156 0.666667 0.048438 0.100000
1 0.743750 0.164352 0.054167 0.093519
1 0.088802 0.547222 0.045312 0.096296
1 0.141927 0.160185 0.048438 0.100000
1 0.804948 0.171759 0.047396 0.095370
1 0.224219 0.162037 0.045312 0.096296
1 0.448698 0.149537 0.047396 0.095370
1 0.300260 0.156481 0.048438 0.100000
1 0.197135 0.165741 0.045312 0.096296
0 0.520052 0.558333 0.060937 0.114815
