1 0.907031 0.537037 0.045312 0.096296
1 0.284115 0.543519 0.045312 0.096296
1 0.199219 0.173148 0.048438 0.100000
1 0.889323 0.683796 0.047396 0.095370
1 0.147656 0.559259 0.045312 0.096296
1 0.104948 0.561574 0.047396 0.095370
1 0.425260 0.164815 0.045312 0.096296
1 0.643229 0.554167 0.054167 0.093519
1 0.642188 0.177315 0.054167 0.093519
1 0.800000 0.178241 0.054167 0.093519
1 0.264844 0.172222 0.048438 0.100000
1 0.611458 0.177315 0.054167 0.093519
1 0.867448 0.681481 0.045312 0.096296
0 0.483333 0.556481 0.058333 0.144444
