1 0.932552 0.537037 0.045312 0.096296
1 0.892969 0.681481 0.045312 0.096296
1 0.168490 0.557407 0.048438 0.100000
1 0.136198 0.171296 0.045312 0.096296
1 0.310937 0.173611 0.054167 0.093519
1 0.387240 0.167593 0.045312 0.096296
1 0.847656 0.178704 0.048438 0.100000
1 0.171094 0.174074 0.045312 0.096296
1 0.209115 0.173148 0.048438 0.100000
1 0.674740 0.553241 0.047396 0.095370
1 0.647135 0.176852 0.045312 0.096296
1 0.418490 0.167593 0.045312 0.096296
1 0.261198 0.178241 0.047396 0.095370
0 0.494792 0.550926 0.058333 0.144444
