0 0.704706 0.571216 0.035590 0.124178
0 0.981784 0.580996 0.035835 0.095591
1 0.602419 0.504387 0.113009 0.195440
1 0.393396 0.504326 0.118965 0.197843
1 0.946231 0.500733 0.107434 0.198499
1 0.280757 0.501240 0.122330 0.189959
1 0.717108 0.504773 0.116219 0.188004
1 0.027904 0.504503 0.054104 0.193811
1 0.792844 0.570126 0.058437 0.066147
1 0.179407 0.506487 0.081652 0.189527
2 0.278868 0.581952 0.023120 0.038646
2 0.130819 0.474514 0.013713 0.021974
2 0.708348 0.041321 0.022230 0.034769
5 0.664323 0.570833 0.034896 0.063889
5 0.120573 0.580093 0.021354 0.045370
