0 0.513384 0.406133 0.036544 0.120926
1 0.275463 0.179961 0.128564 0.195600
1 0.696891 0.722611 0.116202 0.200681
1 0.529222 0.180402 0.126112 0.196425
1 0.856603 0.179909 0.119257 0.196866
1 0.080696 0.723515 0.122604 0.185640
1 0.727382 0.183766 0.121700 0.192616
1 0.423636 0.182661 0.093228 0.189263
1 0.806300 0.727125 0.126160 0.199445
1 0.600921 0.727498 0.082655 0.190931
1 0.961619 0.179678 0.076761 0.197976
1 0.644688 0.174238 0.053106 0.205916
2 0.696386 0.809509 0.023201 0.039482
2 0.433915 0.258333 0.022123 0.039390
5 0.785937 0.259259 0.019792 0.042593
5 0.561719 0.803241 0.021354 0.047222
