0 0.504827 0.494133 0.035401 0.127167
1 0.081405 0.348180 0.046012 0.047218
1 0.160013 0.348530 0.046432 0.047321
1 0.114105 0.348423 0.040057 0.047301
1 0.713710 0.738639 0.048493 0.046407
1 0.742387 0.737493 0.037513 0.048952
1 0.870964 0.738534 0.045988 0.047219
1 0.634992 0.504589 0.039726 0.046500
1 0.012642 0.350383 0.024993 0.042744
5 0.453125 0.497685 0.041667 0.062037
5 0.032292 0.366667 0.029167 0.042593
2 0.867448 0.743519 0.023438 0.038889
2 0.573177 0.742593 0.023438 0.038889
2 0.509896 0.419444 0.022917 0.038889
