0 0.525521 0.487037 0.058333 0.144444
5 0.582292 0.493981 0.029167 0.063889
2 0.261458 0.590278 0.021875 0.037963
2 0.228906 0.587963 0.023438 0.038889
2 0.243750 0.587500 0.021875 0.037963
2 0.292187 0.590278 0.021875 0.037963
2 0.460417 0.554630 0.016667 0.031481
2 0.367969 0.691667 0.018229 0.031481
2 0.413021 0.679630 0.016667 0.031481
2 0.149479 0.679630 0.016667 0.031481
2 0.083333 0.288889 0.016667 0.031481
2 0.328385 0.686111 0.018229 0.031481
2 0.848698 0.974537 0.023438 0.037963
2 0.810677 0.759722 0.023438 0.037963
2 0.815885 0.973611 0.023438 0.037963
2 0.516927 0.694907 0.023438 0.037963
2 0.504948 0.711574 0.023438 0.037963
2 0.480990 0.716204 0.023438 0.037963
2 0.710677 0.670833 0.023438 0.037963
2 0.493490 0.715278 0.023438 0.037963
2 0.822656 0.743981 0.023438 0.037963
2 0.667969 0.733796 0.023438 0.037963
