5 0.515104 0.565741 0.027083 0.064815
2 0.368229 0.584722 0.021875 0.037963
2 0.336198 0.582407 0.023438 0.038889
2 0.213021 0.193981 0.021875 0.037963
2 0.398438 0.590741 0.016667 0.031481
2 0.350521 0.581944 0.021875 0.037963
2 0.227865 0.197222 0.023438 0.038889
2 0.486458 0.552778 0.016667 0.031481
2 0.474740 0.687963 0.018229 0.031481
2 0.417969 0.679630 0.018229 0.031481
2 0.519792 0.674074 0.016667 0.031481
2 0.256250 0.674074 0.016667 0.031481
2 0.190104 0.284259 0.016667 0.031481
2 0.409375 0.684259 0.016667 0.031481
2 0.423438 0.695370 0.016667 0.031481
2 0.171875 0.680556 0.016667 0.031481
2 0.848698 0.974537 0.023438 0.037963
2 0.843490 0.757870 0.023438 0.037963
2 0.815885 0.973611 0.023438 0.037963
2 0.534635 0.701389 0.023438 0.037963
2 0.742969 0.668981 0.023438 0.037963
2 0.854948 0.743056 0.023438 0.037963
2 0.829948 0.762500 0.023438 0.037963
2 0.700260 0.731944 0.023438 0.037963
