0 0.227284 0.810010 0.039728 0.109174
1 0.312126 0.531218 0.064363 0.055878
5 0.324479 0.139815 0.032292 0.042593
5 0.389062 0.139352 0.032292 0.049074
2 0.861719 0.545370 0.018229 0.031481
2 0.832292 0.787037 0.016667 0.031481
2 0.823958 0.677778 0.016667 0.031481
2 0.816146 0.577778 0.016667 0.031481
2 0.902083 0.560185 0.016667 0.031481
2 0.829688 0.720370 0.016667 0.031481
2 0.873437 0.566667 0.016667 0.031481
2 0.964583 0.525000 0.016667 0.031481
2 0.917708 0.600926 0.016667 0.031481
2 0.869792 0.583333 0.016667 0.031481
2 0.934375 0.725926 0.016667 0.031481
2 0.834375 0.582407 0.016667 0.031481
2 0.851562 0.576852 0.016667 0.031481
2 0.865625 0.600926 0.016667 0.031481
2 0.923177 0.744444 0.018229 0.031481
2 0.953906 0.548148 0.018229 0.031481
2 0.919531 0.719444 0.018229 0.031481
2 0.923177 0.761111 0.018229 0.031481
2 0.919531 0.506481 0.018229 0.031481
2 0.839063 0.669444 0.016667 0.031481
2 0.917708 0.735185 0.016667 0.031481
2 0.950521 0.563889 0.016667 0.031481
2 0.420833 0.872222 0.016667 0.031481
2 0.631250 0.144444 0.016667 0.031481
2 0.696875 0.535185 0.016667 0.031481
2 0.301563 0.612963 0.016667 0.031481
2 0.763021 0.144444 0.016667 0.031481
2 0.906771 0.759259 0.016667 0.031481
2 0.433333 0.144444 0.016667 0.031481
2 0.959375 0.435185 0.016667 0.031481
2 0.974479 0.464815 0.016667 0.031481
2 0.928125 0.715741 0.016667 0.031481
2 0.848698 0.974537 0.023438 0.037963
2 0.193490 0.626389 0.023438 0.037963
2 0.039844 0.376389 0.023438 0.037963
2 0.815885 0.973611 0.023438 0.037963
2 0.721615 0.792130 0.023438 0.037963
2 0.653385 0.567130 0.023438 0.037963
2 0.093490 0.537500 0.023438 0.037963
2 0.687760 0.784722 0.023438 0.037963
2 0.400781 0.867130 0.023438 0.037963
2 0.082031 0.645833 0.023438 0.037963
2 0.050781 0.600463 0.023438 0.037963
2 0.180990 0.630093 0.023438 0.037963
2 0.641406 0.553241 0.023438 0.037963
2 0.204948 0.610648 0.023438 0.037963
1 0.216907 0.053655 0.045666 0.039260
1 0.544661 0.517216 0.043233 0.036881
1 0.240686 0.522033 0.061524 0.037491
1 0.911041 0.785272 0.019263 0.020750
1 0.856275 0.789751 0.024186 0.037804
