1 0.857552 0.268056 0.060937 0.037963
1 0.646354 0.032870 0.058333 0.037963
1 0.717969 0.033796 0.060937 0.037963
1 0.568229 0.034722 0.063542 0.037963
1 0.362240 0.034722 0.060937 0.037963
1 0.338021 0.814352 0.023958 0.036111
1 0.052344 0.497685 0.060937 0.037963
1 0.587500 0.811574 0.023958 0.036111
2 0.372917 0.718519 0.016667 0.031481
5 0.054688 0.288889 0.044792 0.075926
5 0.255990 0.492593 0.034896 0.064815
5 0.863281 0.491204 0.035937 0.063889
5 0.614583 0.269444 0.022917 0.042593
5 0.682552 0.266667 0.021354 0.044444
