0 0.418147 0.795887 0.037840 0.108166
5 0.466146 0.801389 0.029167 0.063889
5 0.478646 0.139815 0.032292 0.042593
5 0.286458 0.144444 0.032292 0.042593
2 0.421615 0.055556 0.023438 0.038889
2 0.179427 0.517593 0.023438 0.038889
2 0.194792 0.518056 0.021875 0.037963
2 0.153125 0.523611 0.021875 0.037963
2 0.118750 0.518981 0.021875 0.037963
2 0.133073 0.524074 0.023438 0.038889
2 0.621615 0.545370 0.018229 0.031481
2 0.592187 0.787037 0.016667 0.031481
2 0.613021 0.781481 0.016667 0.031481
2 0.900000 0.874074 0.022917 0.038889
2 0.583854 0.677778 0.016667 0.031481
2 0.661979 0.560185 0.016667 0.031481
2 0.677604 0.600926 0.016667 0.031481
2 0.633333 0.566667 0.016667 0.031481
2 0.724479 0.525000 0.016667 0.031481
2 0.575521 0.579630 0.016667 0.031481
2 0.694271 0.725926 0.016667 0.031481
2 0.629687 0.583333 0.016667 0.031481
2 0.625521 0.600926 0.016667 0.031481
2 0.819531 0.743519 0.018229 0.031481
2 0.713802 0.548148 0.018229 0.031481
2 0.683073 0.745370 0.018229 0.031481
2 0.829948 0.737037 0.018229 0.031481
2 0.679427 0.506481 0.018229 0.031481
2 0.679427 0.717593 0.018229 0.031481
2 0.598958 0.669444 0.016667 0.031481
2 0.705729 0.870370 0.016667 0.031481
2 0.711458 0.561111 0.016667 0.031481
2 0.683333 0.763889 0.016667 0.031481
2 0.677604 0.732407 0.016667 0.031481
2 0.180208 0.872222 0.016667 0.031481
2 0.456771 0.535185 0.016667 0.031481
2 0.522917 0.144444 0.016667 0.031481
2 0.786458 0.065741 0.016667 0.031481
2 0.061458 0.612963 0.016667 0.031481
2 0.611458 0.576852 0.016667 0.031481
2 0.703125 0.563889 0.016667 0.031481
2 0.391146 0.144444 0.016667 0.031481
2 0.666146 0.756481 0.016667 0.031481
2 0.834896 0.887037 0.016667 0.031481
2 0.671875 0.495370 0.016667 0.031481
2 0.719271 0.435185 0.016667 0.031481
2 0.848698 0.974537 0.023438 0.037963
2 0.847656 0.593056 0.023438 0.037963
2 0.815885 0.973611 0.023438 0.037963
2 0.834635 0.597685 0.023438 0.037963
2 0.160156 0.868056 0.023438 0.037963
2 0.778906 0.624537 0.023438 0.037963
2 0.605990 0.853241 0.023438 0.037963
2 0.877344 0.564352 0.023438 0.037963
2 0.822135 0.845833 0.023438 0.037963
2 0.143490 0.629167 0.023438 0.037963
2 0.011719 0.645833 0.023438 0.037963
2 0.076823 0.655093 0.023438 0.037963
2 0.822656 0.826389 0.023438 0.037963
