0 0.518633 0.574876 0.039744 0.119204
5 0.587500 0.496759 0.029167 0.063889
5 0.433854 0.247222 0.032292 0.042593
5 0.518229 0.210185 0.032292 0.042593
5 0.318229 0.208333 0.032292 0.042593
2 0.622917 0.122222 0.016667 0.031481
2 0.608333 0.117130 0.021875 0.037963
2 0.957292 0.513426 0.021875 0.037963
2 0.489323 0.925000 0.018229 0.031481
2 0.845313 0.148148 0.022917 0.038889
2 0.294531 0.925000 0.018229 0.031481
2 0.360156 0.925000 0.018229 0.031481
2 0.341927 0.925000 0.018229 0.031481
2 0.383594 0.925000 0.018229 0.031481
2 0.392969 0.925000 0.018229 0.031481
2 0.369531 0.925000 0.018229 0.031481
2 0.332552 0.925000 0.018229 0.031481
2 0.308594 0.925000 0.018229 0.031481
2 0.318490 0.925000 0.018229 0.031481
2 0.403385 0.925000 0.018229 0.031481
2 0.419010 0.925000 0.018229 0.031481
2 0.428385 0.925000 0.018229 0.031481
2 0.437760 0.925000 0.018229 0.031481
2 0.447135 0.925000 0.018229 0.031481
2 0.456510 0.925000 0.018229 0.031481
2 0.465885 0.925000 0.018229 0.031481
2 0.475260 0.925000 0.018229 0.031481
2 0.273698 0.925000 0.018229 0.031481
2 0.284115 0.925000 0.018229 0.031481
2 0.194010 0.925000 0.018229 0.031481
2 0.176302 0.925000 0.018229 0.031481
2 0.029427 0.925000 0.018229 0.031481
2 0.147656 0.925000 0.018229 0.031481
2 0.044271 0.925000 0.016667 0.031481
2 0.689583 0.601852 0.016667 0.031481
2 0.139583 0.923148 0.016667 0.031481
2 0.848698 0.974537 0.023438 0.037963
2 0.972656 0.740278 0.023438 0.037963
2 0.815885 0.973611 0.023438 0.037963
2 0.644531 0.692130 0.023438 0.037963
2 0.387240 0.667130 0.023438 0.037963
2 0.873177 0.652315 0.023438 0.037963
2 0.822135 0.743981 0.023438 0.037963
2 0.650781 0.676389 0.023438 0.037963
2 0.838802 0.747685 0.023438 0.037963
2 0.959635 0.744907 0.023438 0.037963
2 0.984115 0.724537 0.023438 0.037963
2 0.375260 0.653241 0.023438 0.037963
2 0.860677 0.759722 0.023438 0.037963
2 0.914844 0.520833 0.023438 0.037963
1 0.820719 0.510651 0.034078 0.036449
1 0.980973 0.508999 0.038021 0.038593
1 0.859449 0.508078 0.060651 0.038422
1 0.613717 0.507183 0.066952 0.041180
