0 0.476528 0.810838 0.036979 0.104466
5 0.523698 0.818981 0.025521 0.060185
5 0.266146 0.159259 0.032292 0.042593
2 0.594792 0.840741 0.016667 0.031481
2 0.666667 0.059259 0.016667 0.031481
2 0.761198 0.050000 0.023438 0.038889
2 0.908073 0.058333 0.018229 0.031481
2 0.775000 0.837037 0.016667 0.031481
2 0.494271 0.127778 0.022917 0.038889
2 0.900000 0.874074 0.022917 0.038889
2 0.925521 0.831481 0.022917 0.038889
2 0.760417 0.325000 0.016667 0.031481
2 0.094531 0.870370 0.018229 0.031481
2 0.685937 0.763889 0.016667 0.031481
2 0.844531 0.875926 0.018229 0.031481
2 0.104948 0.870370 0.018229 0.031481
2 0.465885 0.565741 0.018229 0.031481
2 0.474219 0.567593 0.018229 0.031481
2 0.197656 0.803704 0.018229 0.031481
2 0.864323 0.876852 0.018229 0.031481
2 0.526302 0.562963 0.018229 0.031481
2 0.726823 0.734259 0.018229 0.031481
2 0.469531 0.548148 0.018229 0.031481
2 0.479427 0.848148 0.018229 0.031481
2 0.637500 0.144444 0.016667 0.031481
2 0.901042 0.144444 0.016667 0.031481
2 0.720833 0.763889 0.016667 0.031481
2 0.421354 0.541667 0.016667 0.031481
2 0.520833 0.572222 0.016667 0.031481
2 0.038542 0.876852 0.016667 0.031481
2 0.484375 0.541667 0.016667 0.031481
2 0.427083 0.799074 0.016667 0.031481
2 0.802083 0.877778 0.016667 0.031481
2 0.389583 0.535185 0.016667 0.031481
2 0.448958 0.841667 0.016667 0.031481
2 0.584896 0.537963 0.016667 0.031481
2 0.525521 0.544444 0.016667 0.031481
2 0.848698 0.974537 0.023438 0.037963
2 0.957031 0.626389 0.023438 0.037963
2 0.376302 0.570833 0.023438 0.037963
2 0.815885 0.973611 0.023438 0.037963
2 0.628906 0.510648 0.023438 0.037963
2 0.570052 0.616204 0.023438 0.037963
2 0.774740 0.542130 0.023438 0.037963
2 0.838802 0.822685 0.023438 0.037963
2 0.969010 0.610648 0.023438 0.037963
2 0.944531 0.630093 0.023438 0.037963
2 0.814323 0.600463 0.023438 0.037963
2 0.845052 0.645833 0.023438 0.037963
2 0.653906 0.531944 0.023438 0.037963
2 0.872135 0.830093 0.023438 0.037963
1 0.193047 0.829471 0.012620 0.023802
1 0.108382 0.834480 0.019703 0.038322
