0 0.517448 0.496296 0.047396 0.118519
2 0.294792 0.584259 0.022917 0.038889
2 0.310417 0.590278 0.021875 0.037963
2 0.279167 0.534259 0.016667 0.031481
2 0.177083 0.680556 0.016667 0.031481
2 0.044531 0.663426 0.023438 0.037963
2 0.013281 0.618056 0.023438 0.037963
2 0.118490 0.574537 0.023438 0.037963
1 0.648768 0.868157 0.018662 0.036052
1 0.251828 0.579244 0.075301 0.052930
1 0.212250 0.124453 0.034589 0.043267
1 0.449569 0.121896 0.054287 0.037603
1 0.588870 0.121670 0.048455 0.040023
1 0.343567 0.118483 0.059963 0.037105
1 0.401045 0.895010 0.016712 0.018083
1 0.545402 0.121339 0.060769 0.036218
