0 0.511782 0.496590 0.039597 0.126980
5 0.596354 0.206481 0.032292 0.042593
5 0.268229 0.207407 0.032292 0.042593
2 0.294010 0.539815 0.023438 0.038889
2 0.854948 0.214815 0.023438 0.038889
2 0.707812 0.854630 0.016667 0.031481
2 0.900000 0.874074 0.022917 0.038889
2 0.728646 0.849074 0.016667 0.031481
2 0.699479 0.745370 0.016667 0.031481
2 0.819792 0.579630 0.016667 0.031481
2 0.787500 0.562037 0.016667 0.031481
2 0.777604 0.627778 0.016667 0.031481
2 0.705208 0.787963 0.016667 0.031481
2 0.748437 0.637037 0.016667 0.031481
2 0.840104 0.592593 0.016667 0.031481
2 0.691667 0.646296 0.016667 0.031481
2 0.793229 0.669444 0.016667 0.031481
2 0.809896 0.793519 0.016667 0.031481
2 0.709896 0.650000 0.016667 0.031481
2 0.744792 0.653704 0.016667 0.031481
2 0.798698 0.812963 0.018229 0.031481
2 0.829427 0.616667 0.018229 0.031481
2 0.795052 0.787037 0.018229 0.031481
2 0.798698 0.832407 0.018229 0.031481
2 0.737240 0.612963 0.018229 0.031481
2 0.795312 0.573148 0.016667 0.031481
2 0.714583 0.737037 0.016667 0.031481
2 0.793229 0.804630 0.016667 0.031481
2 0.826042 0.631481 0.016667 0.031481
2 0.638542 0.212037 0.016667 0.031481
2 0.506771 0.212037 0.016667 0.031481
2 0.727083 0.644444 0.016667 0.031481
2 0.572396 0.602778 0.016667 0.031481
2 0.308854 0.212037 0.016667 0.031481
2 0.902083 0.134259 0.016667 0.031481
2 0.781771 0.825926 0.016667 0.031481
2 0.177083 0.680556 0.016667 0.031481
2 0.834896 0.502778 0.016667 0.031481
2 0.786458 0.578704 0.016667 0.031481
2 0.848698 0.974537 0.023438 0.037963
2 0.597135 0.859722 0.023438 0.037963
2 0.815885 0.973611 0.023438 0.037963
2 0.874740 0.608796 0.023438 0.037963
2 0.563281 0.853241 0.023438 0.037963
2 0.886719 0.592130 0.023438 0.037963
2 0.044531 0.663426 0.023438 0.037963
2 0.013281 0.618056 0.023438 0.037963
2 0.594010 0.881944 0.023438 0.037963
2 0.193490 0.602315 0.023438 0.037963
2 0.118490 0.574537 0.023438 0.037963
2 0.890885 0.568056 0.023438 0.037963
