0 0.525500 0.574157 0.040106 0.113826
2 0.598437 0.373148 0.016667 0.031481
2 0.496354 0.674074 0.016667 0.031481
2 0.232813 0.596296 0.016667 0.031481
2 0.101042 0.596296 0.016667 0.031481
2 0.957812 0.596296 0.016667 0.031481
2 0.758333 0.736111 0.016667 0.031481
2 0.672396 0.602778 0.016667 0.031481
2 0.848698 0.974537 0.023438 0.037963
2 0.035156 0.836574 0.023438 0.037963
2 0.773698 0.779167 0.023438 0.037963
2 0.815885 0.973611 0.023438 0.037963
2 0.520573 0.753241 0.023438 0.037963
2 0.046615 0.820833 0.023438 0.037963
2 0.761198 0.783796 0.023438 0.037963
2 0.786198 0.763426 0.023438 0.037963
2 0.508594 0.739352 0.023438 0.037963
2 0.022135 0.841204 0.023438 0.037963
1 0.752698 0.506327 0.049338 0.038162
1 0.682261 0.500286 0.061080 0.037832
1 0.798449 0.504990 0.059496 0.038077
