0 0.527549 0.488926 0.040698 0.113399
5 0.626042 0.195370 0.032292 0.042593
5 0.429167 0.194444 0.032292 0.042593
5 0.217708 0.196296 0.032292 0.042593
2 0.736458 0.842593 0.016667 0.031481
2 0.757292 0.837963 0.016667 0.031481
2 0.728125 0.733333 0.016667 0.031481
2 0.806250 0.615741 0.016667 0.031481
2 0.719792 0.635185 0.016667 0.031481
2 0.733854 0.775926 0.016667 0.031481
2 0.841927 0.577778 0.023438 0.040741
2 0.868750 0.581481 0.016667 0.031481
2 0.777604 0.622222 0.016667 0.031481
2 0.821875 0.657407 0.016667 0.031481
2 0.773958 0.638889 0.016667 0.031481
2 0.838542 0.782407 0.016667 0.031481
2 0.770312 0.655556 0.016667 0.031481
2 0.858073 0.603704 0.018229 0.031481
2 0.827344 0.800000 0.018229 0.031481
2 0.823698 0.779630 0.018229 0.031481
2 0.827344 0.816667 0.018229 0.031481
2 0.823698 0.562037 0.018229 0.031481
2 0.743229 0.725000 0.016667 0.031481
2 0.853646 0.622222 0.016667 0.031481
2 0.535417 0.200000 0.016667 0.031481
2 0.601042 0.590741 0.016667 0.031481
2 0.337500 0.200926 0.016667 0.031481
2 0.205729 0.669444 0.016667 0.031481
2 0.667188 0.200000 0.016667 0.031481
2 0.755729 0.633333 0.016667 0.031481
2 0.810417 0.812963 0.016667 0.031481
2 0.863542 0.490741 0.016667 0.031481
2 0.930208 0.122222 0.016667 0.031481
2 0.848698 0.974537 0.023438 0.037963
2 0.625781 0.847685 0.023438 0.037963
2 0.815885 0.973611 0.023438 0.037963
2 0.591406 0.840278 0.023438 0.037963
2 0.064844 0.549537 0.023438 0.037963
2 0.053385 0.658796 0.023438 0.037963
2 0.022135 0.614352 0.023438 0.037963
2 0.622135 0.870833 0.023438 0.037963
2 0.384115 0.586574 0.023438 0.037963
2 0.488281 0.581944 0.023438 0.037963
2 0.905990 0.577315 0.023438 0.037963
2 0.065365 0.659722 0.023438 0.037963
2 0.684115 0.613426 0.023438 0.037963
