0 0.536479 0.504645 0.057487 0.110241
5 0.175000 0.244444 0.032292 0.048148
2 0.587240 0.508333 0.023438 0.038889
2 0.731250 0.514352 0.021875 0.037963
2 0.396615 0.124074 0.018229 0.031481
2 0.382292 0.119907 0.021875 0.037963
2 0.731510 0.388889 0.018229 0.031481
2 0.363802 0.628704 0.023438 0.040741
2 0.701823 0.445370 0.018229 0.031481
2 0.701823 0.411111 0.018229 0.031481
2 0.419010 0.667593 0.018229 0.031481
2 0.397396 0.215741 0.016667 0.031481
2 0.463542 0.606481 0.016667 0.031481
2 0.727083 0.606481 0.016667 0.031481
2 0.685937 0.437963 0.016667 0.031481
2 0.376042 0.612963 0.016667 0.031481
2 0.685937 0.407407 0.016667 0.031481
2 0.580729 0.617593 0.016667 0.031481
2 0.848698 0.974537 0.023438 0.037963
2 0.815885 0.973611 0.023438 0.037963
2 0.590885 0.682870 0.023438 0.037963
2 0.330469 0.668981 0.023438 0.037963
2 0.804427 0.652315 0.023438 0.037963
2 0.416406 0.718056 0.023438 0.037963
2 0.316406 0.646759 0.023438 0.037963
2 0.916406 0.725463 0.023438 0.037963
2 0.792448 0.760648 0.023438 0.037963
2 0.620573 0.634722 0.023438 0.037963
