0 0.576722 0.502963 0.038912 0.119054
5 0.718229 0.189815 0.032292 0.042593
5 0.968750 0.178704 0.032292 0.042593
5 0.304688 0.222222 0.032292 0.042593
5 0.415625 0.208333 0.030208 0.048148
2 0.651563 0.109722 0.021875 0.037963
2 0.832292 0.836111 0.016667 0.031481
2 0.942708 0.166667 0.022917 0.038889
2 0.900000 0.874074 0.022917 0.038889
2 0.853125 0.831481 0.016667 0.031481
2 0.823958 0.726852 0.016667 0.031481
2 0.816146 0.627778 0.016667 0.031481
2 0.902083 0.609259 0.016667 0.031481
2 0.829688 0.769444 0.016667 0.031481
2 0.964583 0.575000 0.016667 0.031481
2 0.872917 0.618519 0.016667 0.031481
2 0.917708 0.784259 0.016667 0.031481
2 0.917708 0.650926 0.016667 0.031481
2 0.869271 0.635185 0.016667 0.031481
2 0.833854 0.633333 0.016667 0.031481
2 0.850521 0.631481 0.016667 0.031481
2 0.961979 0.557407 0.016667 0.031481
2 0.953906 0.598148 0.018229 0.031481
2 0.919531 0.767593 0.018229 0.031481
2 0.861719 0.594444 0.018229 0.031481
2 0.949219 0.615741 0.018229 0.031481
2 0.919792 0.554630 0.016667 0.031481
2 0.839063 0.718519 0.016667 0.031481
2 0.433333 0.193519 0.016667 0.031481
2 0.696875 0.584259 0.016667 0.031481
2 0.301563 0.662963 0.016667 0.031481
2 0.763021 0.193519 0.016667 0.031481
2 0.885938 0.547222 0.016667 0.031481
2 0.911979 0.544444 0.016667 0.031481
2 0.235937 0.193519 0.016667 0.031481
2 0.847396 0.757407 0.016667 0.031481
2 0.974479 0.514815 0.016667 0.031481
2 0.631250 0.193519 0.016667 0.031481
2 0.082292 0.435185 0.016667 0.031481
2 0.847396 0.643519 0.016667 0.031481
2 0.928125 0.762963 0.016667 0.031481
2 0.848698 0.974537 0.023438 0.037963
2 0.193490 0.638426 0.023438 0.037963
2 0.815885 0.973611 0.023438 0.037963
2 0.721615 0.841204 0.023438 0.037963
2 0.232031 0.596759 0.023438 0.037963
2 0.687760 0.834722 0.023438 0.037963
2 0.093490 0.549537 0.023438 0.037963
2 0.050781 0.612500 0.023438 0.037963
2 0.180990 0.642130 0.023438 0.037963
2 0.082031 0.657870 0.023438 0.037963
2 0.040365 0.425463 0.023438 0.037963
2 0.205469 0.622685 0.023438 0.037963
1 0.210445 0.102795 0.032967 0.040632
1 0.288117 0.103460 0.049730 0.038592
1 0.632300 0.104096 0.058631 0.038661
