0 0.503628 0.571117 0.039106 0.112664
5 0.538542 0.571296 0.027083 0.066667
2 0.621875 0.505556 0.016667 0.031481
2 0.496354 0.673148 0.016667 0.031481
2 0.232813 0.595370 0.016667 0.031481
2 0.101042 0.594444 0.016667 0.031481
2 0.957812 0.594444 0.016667 0.031481
2 0.672396 0.601852 0.016667 0.031481
2 0.757812 0.734259 0.016667 0.031481
2 0.848698 0.974537 0.023438 0.037963
2 0.035156 0.836574 0.023438 0.037963
2 0.774740 0.777315 0.023438 0.037963
2 0.815885 0.973611 0.023438 0.037963
2 0.520573 0.752315 0.023438 0.037963
2 0.046615 0.820833 0.023438 0.037963
2 0.761198 0.781944 0.023438 0.037963
2 0.785677 0.761574 0.023438 0.037963
2 0.022135 0.841204 0.023438 0.037963
2 0.508594 0.737500 0.023438 0.037963
