0 0.427519 0.605283 0.038791 0.119672
5 0.471615 0.447685 0.025521 0.071296
2 0.646094 0.539815 0.018229 0.031481
2 0.887760 0.546296 0.018229 0.031481
2 0.740885 0.537963 0.023438 0.038889
2 0.550260 0.148148 0.018229 0.031481
2 0.535937 0.143056 0.021875 0.037963
2 0.822656 0.157407 0.023438 0.038889
2 0.533073 0.116667 0.023438 0.038889
2 0.353646 0.241667 0.016667 0.031481
2 0.568490 0.678704 0.018229 0.031481
2 0.880729 0.632407 0.016667 0.031481
2 0.551042 0.242593 0.016667 0.031481
2 0.617188 0.632407 0.016667 0.031481
2 0.529167 0.639815 0.016667 0.031481
2 0.485417 0.676852 0.016667 0.031481
2 0.796875 0.637963 0.016667 0.031481
2 0.467187 0.248148 0.016667 0.031481
2 0.848698 0.974537 0.023438 0.037963
2 0.815885 0.973611 0.023438 0.037963
2 0.957552 0.736574 0.023438 0.037963
2 0.623177 0.700463 0.023438 0.037963
2 0.768490 0.756019 0.023438 0.037963
2 0.572135 0.723611 0.023438 0.037963
2 0.639844 0.675463 0.023438 0.037963
2 0.862240 0.657870 0.023438 0.037963
2 0.609635 0.705093 0.023438 0.037963
2 0.845052 0.658796 0.023438 0.037963
2 0.753906 0.733796 0.023438 0.037963
2 0.839323 0.767130 0.023438 0.037963
