0 0.491406 0.499074 0.080729 0.112963
2 0.216667 0.591204 0.021875 0.037963
2 0.183854 0.587963 0.022917 0.038889
2 0.198958 0.588426 0.021875 0.037963
2 0.247396 0.591204 0.021875 0.037963
2 0.481510 0.672222 0.018229 0.031481
2 0.368229 0.680556 0.016667 0.031481
2 0.346615 0.503704 0.018229 0.031481
2 0.039062 0.289815 0.016667 0.031481
2 0.104688 0.680556 0.016667 0.031481
2 0.311979 0.494444 0.016667 0.031481
2 0.293750 0.505556 0.016667 0.031481
2 0.322396 0.689815 0.016667 0.031481
2 0.346875 0.700000 0.016667 0.031481
2 0.848698 0.974537 0.023438 0.037963
2 0.815885 0.973611 0.023438 0.037963
2 0.494531 0.711574 0.023438 0.037963
2 0.803906 0.749537 0.023438 0.037963
2 0.481510 0.716204 0.023438 0.037963
2 0.696615 0.671759 0.023438 0.037963
2 0.506510 0.695833 0.023438 0.037963
2 0.653906 0.734722 0.023438 0.037963
1 0.319883 0.584973 0.067414 0.049861
1 0.025914 0.585545 0.051829 0.037704
1 0.472422 0.590849 0.061626 0.037986
