0 0.505637 0.495476 0.040587 0.123913
5 0.540104 0.578704 0.027083 0.066667
2 0.621875 0.510185 0.016667 0.031481
2 0.630990 0.513889 0.018229 0.031481
2 0.496354 0.680556 0.016667 0.031481
2 0.232813 0.602778 0.016667 0.031481
2 0.101042 0.602778 0.016667 0.031481
2 0.957812 0.602778 0.016667 0.031481
2 0.671875 0.610185 0.016667 0.031481
2 0.758333 0.737037 0.016667 0.031481
2 0.848698 0.974537 0.023438 0.037963
2 0.035156 0.839352 0.023438 0.037963
2 0.815885 0.973611 0.023438 0.037963
2 0.775260 0.780093 0.023438 0.037963
2 0.520573 0.755093 0.023438 0.037963
2 0.761198 0.784722 0.023438 0.037963
2 0.046615 0.823611 0.023438 0.037963
2 0.508594 0.740278 0.023438 0.037963
2 0.785677 0.764352 0.023438 0.037963
2 0.021615 0.843056 0.023438 0.037963
1 0.959350 0.508798 0.061087 0.040929
1 0.884984 0.506312 0.062346 0.040113
