0 0.519598 0.493855 0.040992 0.120754
2 0.289844 0.170370 0.023438 0.038889
2 0.398438 0.179630 0.022917 0.038889
2 0.651563 0.378704 0.016667 0.031481
2 0.983333 0.286111 0.016667 0.031481
2 0.434375 0.288889 0.016667 0.031481
2 0.697396 0.367593 0.016667 0.031481
2 0.434375 0.679630 0.016667 0.031481
2 0.697917 0.601852 0.016667 0.031481
2 0.302604 0.288889 0.016667 0.031481
2 0.302604 0.679630 0.016667 0.031481
2 0.104688 0.679630 0.016667 0.031481
2 0.660937 0.685185 0.016667 0.031481
2 0.347917 0.533333 0.016667 0.031481
2 0.807813 0.608333 0.016667 0.031481
2 0.356771 0.475926 0.016667 0.031481
2 0.808854 0.668519 0.016667 0.031481
2 0.848698 0.974537 0.023438 0.037963
2 0.095052 0.759722 0.023438 0.037963
2 0.815885 0.973611 0.023438 0.037963
2 0.824740 0.711574 0.023438 0.037963
2 0.811719 0.716204 0.023438 0.037963
2 0.106510 0.743981 0.023438 0.037963
2 0.082031 0.763426 0.023438 0.037963
2 0.571094 0.684722 0.023438 0.037963
1 0.470998 0.589202 0.062408 0.037891
1 0.219440 0.198218 0.049986 0.042750
1 0.783591 0.196770 0.058184 0.037027
1 0.899518 0.199076 0.063560 0.039614
1 0.837552 0.197260 0.060859 0.037886
1 0.315192 0.587364 0.081843 0.046268
1 0.385030 0.200282 0.066327 0.038584
1 0.188680 0.590583 0.064398 0.039018
