5 0.759635 0.977778 0.021354 0.044444
5 0.770052 0.977778 0.021354 0.044444
2 0.762240 0.979630 0.018229 0.031481
2 0.759896 0.497222 0.016667 0.031481
2 0.608854 0.166667 0.016667 0.031481
2 0.729688 0.981481 0.016667 0.031481
2 0.771875 0.980556 0.016667 0.031481
2 0.893229 0.978704 0.016667 0.031481
2 0.806510 0.981481 0.018229 0.031481
2 0.824219 0.981481 0.018229 0.031481
2 0.837240 0.980556 0.018229 0.031481
2 0.048698 0.978704 0.018229 0.031481
2 0.599219 0.983333 0.018229 0.031481
2 0.247135 0.611111 0.018229 0.031481
2 0.902083 0.977778 0.016667 0.031481
2 0.013021 0.196296 0.016667 0.031481
2 0.445833 0.982407 0.016667 0.031481
2 0.436979 0.982407 0.016667 0.031481
2 0.578125 0.982407 0.016667 0.031481
2 0.708333 0.983333 0.016667 0.031481
2 0.014583 0.501852 0.016667 0.031481
2 0.957812 0.979630 0.016667 0.031481
2 0.854427 0.980093 0.023438 0.037963
2 0.883073 0.021759 0.023438 0.037963
2 0.251302 0.628241 0.023438 0.037963
2 0.220052 0.628241 0.023438 0.037963
2 0.245052 0.665278 0.023438 0.037963
2 0.216406 0.657870 0.023438 0.037963
2 0.757552 0.518981 0.023438 0.037963
2 0.337760 0.330093 0.023438 0.037963
2 0.753906 0.433796 0.023438 0.037963
