0 0.506978 0.573798 0.039613 0.112497
5 0.533333 0.574074 0.027083 0.066667
5 0.318229 0.204630 0.032292 0.042593
5 0.433854 0.247222 0.032292 0.042593
5 0.518229 0.206481 0.032292 0.042593
2 0.608333 0.113426 0.021875 0.037963
2 0.622656 0.117593 0.018229 0.031481
2 0.957292 0.508796 0.021875 0.037963
2 0.845313 0.148148 0.022917 0.038889
2 0.689583 0.597222 0.016667 0.031481
2 0.585677 0.663889 0.018229 0.031481
2 0.426042 0.206481 0.016667 0.031481
2 0.682292 0.422222 0.016667 0.031481
2 0.953125 0.597222 0.016667 0.031481
2 0.601562 0.604630 0.016667 0.031481
2 0.623958 0.206481 0.016667 0.031481
2 0.686458 0.460185 0.016667 0.031481
2 0.532292 0.675926 0.016667 0.031481
2 0.715104 0.424074 0.016667 0.031481
2 0.721354 0.459259 0.016667 0.031481
2 0.621354 0.649074 0.016667 0.031481
2 0.865104 0.604630 0.016667 0.031481
2 0.409896 0.557407 0.016667 0.031481
2 0.848698 0.974537 0.023438 0.037963
2 0.644531 0.688426 0.023438 0.037963
2 0.815885 0.973611 0.023438 0.037963
2 0.387240 0.667130 0.023438 0.037963
2 0.917969 0.761574 0.023438 0.037963
2 0.872656 0.652315 0.023438 0.037963
2 0.652344 0.677315 0.023438 0.037963
2 0.375260 0.653241 0.023438 0.037963
2 0.860677 0.759722 0.023438 0.037963
2 0.822135 0.740278 0.023438 0.037963
2 0.838802 0.747685 0.023438 0.037963
1 0.843015 0.507704 0.050744 0.039908
1 0.704106 0.500547 0.066516 0.044072
1 0.981565 0.507247 0.036869 0.039140
