0 0.459689 0.601249 0.039778 0.115675
5 0.547396 0.135185 0.032292 0.042593
5 0.221354 0.225000 0.032292 0.042593
2 0.940104 0.146296 0.016667 0.031481
2 0.830208 0.530093 0.021875 0.037963
2 0.864062 0.537500 0.021875 0.037963
2 0.579688 0.138889 0.022917 0.038889
2 0.013542 0.871296 0.016667 0.031481
2 0.062500 0.650000 0.016667 0.031481
2 0.032813 0.660185 0.016667 0.031481
2 0.125000 0.615741 0.016667 0.031481
2 0.077604 0.690741 0.016667 0.031481
2 0.027083 0.686111 0.016667 0.031481
2 0.094271 0.815741 0.016667 0.031481
2 0.011458 0.668519 0.016667 0.031481
2 0.220052 0.833333 0.018229 0.031481
2 0.229948 0.827778 0.018229 0.031481
2 0.114323 0.637963 0.018229 0.031481
2 0.083594 0.834259 0.018229 0.031481
2 0.079948 0.809259 0.018229 0.031481
2 0.083594 0.854630 0.018229 0.031481
2 0.022135 0.635185 0.018229 0.031481
2 0.108073 0.658333 0.018229 0.031481
2 0.089844 0.803704 0.018229 0.031481
2 0.080208 0.595370 0.016667 0.031481
2 0.911458 0.234259 0.016667 0.031481
2 0.598437 0.479630 0.016667 0.031481
2 0.206250 0.825000 0.016667 0.031481
2 0.066667 0.847222 0.016667 0.031481
2 0.094792 0.783333 0.016667 0.031481
2 0.089583 0.844444 0.016667 0.031481
2 0.134896 0.554630 0.016667 0.031481
2 0.218229 0.770370 0.016667 0.031481
2 0.218229 0.850000 0.016667 0.031481
2 0.877344 0.563426 0.023438 0.037963
2 0.848698 0.974537 0.023438 0.037963
2 0.815885 0.973611 0.023438 0.037963
2 0.435677 0.577315 0.023438 0.037963
2 0.940365 0.558796 0.023438 0.037963
2 0.909115 0.607870 0.023438 0.037963
2 0.871615 0.421759 0.023438 0.037963
2 0.488281 0.612500 0.023438 0.037963
2 0.600260 0.636574 0.023438 0.037963
2 0.419531 0.543981 0.023438 0.037963
2 0.669010 0.628241 0.023438 0.037963
2 0.517969 0.641204 0.023438 0.037963
2 0.231510 0.861574 0.023438 0.037963
2 0.862240 0.389352 0.023438 0.037963
2 0.901302 0.537500 0.023438 0.037963
2 0.802344 0.544907 0.023438 0.037963
2 0.501823 0.606019 0.023438 0.037963
2 0.861198 0.474537 0.023438 0.037963
2 0.895573 0.593056 0.023438 0.037963
2 0.459635 0.406944 0.023438 0.037963
2 0.407552 0.539352 0.023438 0.037963
2 0.714844 0.743981 0.023438 0.037963
2 0.682031 0.545833 0.023438 0.037963
