0 0.438542 0.805093 0.051042 0.117593
1 0.127604 0.502315 0.058333 0.037963
1 0.619792 0.033796 0.058333 0.037963
1 0.111198 0.271759 0.063021 0.037963
1 0.424740 0.033796 0.060937 0.037963
1 0.376302 0.818056 0.063021 0.037963
1 0.553646 0.035648 0.058333 0.037963
5 0.919010 0.492130 0.035937 0.063889
5 0.549219 0.493981 0.035937 0.063889
5 0.908594 0.269444 0.020313 0.042593
5 0.975260 0.266667 0.021354 0.044444
5 0.230469 0.426389 0.032813 0.047222
5 0.165365 0.262037 0.033854 0.048148
5 0.259115 0.158796 0.048438 0.084259
