0 0.432977 0.817822 0.038696 0.115903
5 0.408594 0.816204 0.025521 0.060185
5 0.962500 0.163889 0.032292 0.042593
5 0.434896 0.217593 0.032292 0.042593
5 0.201563 0.218519 0.032292 0.042593
2 0.851302 0.046296 0.023438 0.038889
2 0.756771 0.062037 0.016667 0.031481
2 0.684896 0.837963 0.016667 0.031481
2 0.332552 0.707407 0.018229 0.031481
2 0.559896 0.130556 0.022917 0.038889
2 0.900000 0.874074 0.022917 0.038889
2 0.273958 0.729630 0.016667 0.031481
2 0.282292 0.766667 0.016667 0.031481
2 0.890625 0.146296 0.016667 0.031481
2 0.047396 0.737037 0.016667 0.031481
2 0.036198 0.743519 0.018229 0.031481
2 0.184635 0.870370 0.018229 0.031481
2 0.195052 0.870370 0.018229 0.031481
2 0.057031 0.878704 0.018229 0.031481
2 0.488281 0.565741 0.018229 0.031481
2 0.498698 0.568519 0.018229 0.031481
2 0.800260 0.803704 0.018229 0.031481
2 0.564323 0.563889 0.018229 0.031481
2 0.727604 0.144444 0.016667 0.031481
2 0.991146 0.144444 0.016667 0.031481
2 0.051042 0.887037 0.016667 0.031481
2 0.268229 0.758333 0.016667 0.031481
2 0.864583 0.838889 0.016667 0.031481
2 0.829167 0.837037 0.016667 0.031481
2 0.022396 0.735185 0.016667 0.031481
2 0.033854 0.762963 0.016667 0.031481
2 0.033333 0.682407 0.016667 0.031481
2 0.012500 0.861111 0.016667 0.031481
2 0.573958 0.541667 0.016667 0.031481
2 0.788021 0.836111 0.016667 0.031481
2 0.128125 0.875926 0.016667 0.031481
2 0.508333 0.541667 0.016667 0.031481
2 0.070833 0.825926 0.016667 0.031481
2 0.257292 0.719444 0.016667 0.031481
2 0.516667 0.799074 0.016667 0.031481
2 0.293750 0.725926 0.016667 0.031481
2 0.570833 0.848148 0.016667 0.031481
2 0.495312 0.541667 0.016667 0.031481
2 0.773698 0.834722 0.023438 0.037963
2 0.881510 0.544907 0.023438 0.037963
2 0.848698 0.974537 0.023438 0.037963
2 0.400260 0.570833 0.023438 0.037963
2 0.984115 0.626389 0.023438 0.037963
2 0.815885 0.973611 0.023438 0.037963
2 0.690365 0.471759 0.023438 0.037963
2 0.513802 0.624537 0.023438 0.037963
2 0.637760 0.596759 0.023438 0.037963
2 0.841406 0.600463 0.023438 0.037963
1 0.733799 0.514307 0.055740 0.038560
1 0.480199 0.446774 0.064930 0.036949
