0 0.514665 0.570783 0.050952 0.117209
5 0.469792 0.572222 0.027083 0.064815
5 0.318229 0.204630 0.032292 0.042593
5 0.433854 0.247222 0.032292 0.042593
5 0.518229 0.206481 0.032292 0.042593
2 0.608333 0.110648 0.021875 0.037963
2 0.957292 0.505093 0.021875 0.037963
2 0.845313 0.148148 0.022917 0.038889
2 0.489323 0.925000 0.018229 0.031481
2 0.294531 0.925000 0.018229 0.031481
2 0.328906 0.925000 0.018229 0.031481
2 0.362760 0.925000 0.018229 0.031481
2 0.342969 0.925000 0.018229 0.031481
2 0.303906 0.925000 0.018229 0.031481
2 0.313281 0.925000 0.018229 0.031481
2 0.352344 0.925000 0.018229 0.031481
2 0.372135 0.925000 0.018229 0.031481
2 0.381510 0.925000 0.018229 0.031481
2 0.390885 0.925000 0.018229 0.031481
2 0.400260 0.925000 0.018229 0.031481
2 0.409635 0.925000 0.018229 0.031481
2 0.419010 0.925000 0.018229 0.031481
2 0.428385 0.925000 0.018229 0.031481
2 0.437760 0.925000 0.018229 0.031481
2 0.447135 0.925000 0.018229 0.031481
2 0.456510 0.925000 0.018229 0.031481
2 0.465885 0.925000 0.018229 0.031481
2 0.475260 0.925000 0.018229 0.031481
2 0.273698 0.925000 0.018229 0.031481
2 0.284115 0.925000 0.018229 0.031481
2 0.194010 0.925000 0.018229 0.031481
2 0.176302 0.925000 0.018229 0.031481
2 0.029427 0.925000 0.018229 0.031481
2 0.147656 0.925000 0.018229 0.031481
2 0.044271 0.925000 0.016667 0.031481
2 0.689583 0.597222 0.016667 0.031481
2 0.426042 0.206481 0.016667 0.031481
2 0.139583 0.923148 0.016667 0.031481
2 0.848698 0.974537 0.023438 0.037963
2 0.972656 0.740278 0.023438 0.037963
2 0.644531 0.688426 0.023438 0.037963
2 0.815885 0.973611 0.023438 0.037963
2 0.387240 0.667130 0.023438 0.037963
2 0.872656 0.651389 0.023438 0.037963
2 0.652344 0.677315 0.023438 0.037963
2 0.984635 0.724537 0.023438 0.037963
2 0.960156 0.743056 0.023438 0.037963
2 0.375260 0.653241 0.023438 0.037963
2 0.860677 0.759722 0.023438 0.037963
2 0.838802 0.747685 0.023438 0.037963
2 0.822135 0.740278 0.023438 0.037963
