0 0.512728 0.496257 0.040728 0.128322
2 0.341667 0.591667 0.016667 0.031481
2 0.322135 0.575926 0.023438 0.038889
2 0.522917 0.181481 0.022917 0.038889
2 0.346615 0.525000 0.018229 0.031481
2 0.697917 0.371296 0.016667 0.031481
2 0.434375 0.292593 0.016667 0.031481
2 0.434375 0.683333 0.016667 0.031481
2 0.697917 0.605556 0.016667 0.031481
2 0.302604 0.683333 0.016667 0.031481
2 0.302604 0.292593 0.016667 0.031481
2 0.104688 0.683333 0.016667 0.031481
2 0.327083 0.529630 0.016667 0.031481
2 0.807813 0.612037 0.016667 0.031481
2 0.660417 0.686111 0.016667 0.031481
2 0.808854 0.668519 0.016667 0.031481
2 0.848698 0.974537 0.023438 0.037963
2 0.094531 0.760648 0.023438 0.037963
2 0.815885 0.973611 0.023438 0.037963
2 0.824740 0.711574 0.023438 0.037963
2 0.811719 0.716204 0.023438 0.037963
2 0.571094 0.684722 0.023438 0.037963
2 0.106510 0.744907 0.023438 0.037963
2 0.082031 0.765278 0.023438 0.037963
2 0.836719 0.695833 0.023438 0.037963
