0 0.532577 0.480106 0.042283 0.124031
5 0.456250 0.222222 0.032292 0.042593
5 0.222917 0.222222 0.032292 0.042593
2 0.607031 0.505556 0.023438 0.038889
2 0.959896 0.122222 0.016667 0.031481
2 0.641146 0.498611 0.021875 0.037963
2 0.011979 0.847222 0.016667 0.031481
2 0.900000 0.874074 0.022917 0.038889
2 0.082292 0.620370 0.016667 0.031481
2 0.009375 0.780556 0.016667 0.031481
2 0.053125 0.628704 0.016667 0.031481
2 0.144792 0.585185 0.016667 0.031481
2 0.097396 0.661111 0.016667 0.031481
2 0.049479 0.645370 0.016667 0.031481
2 0.114062 0.786111 0.016667 0.031481
2 0.014063 0.643519 0.016667 0.031481
2 0.031771 0.636111 0.016667 0.031481
2 0.045833 0.662037 0.016667 0.031481
2 0.239844 0.803704 0.018229 0.031481
2 0.103385 0.804630 0.018229 0.031481
2 0.134115 0.608333 0.018229 0.031481
2 0.249740 0.798148 0.018229 0.031481
2 0.099740 0.778704 0.018229 0.031481
2 0.103385 0.821296 0.018229 0.031481
2 0.672135 0.393519 0.018229 0.031481
2 0.041406 0.605556 0.018229 0.031481
2 0.128906 0.626852 0.018229 0.031481
2 0.019271 0.729630 0.016667 0.031481
2 0.100000 0.565741 0.016667 0.031481
2 0.097917 0.795370 0.016667 0.031481
2 0.644271 0.430556 0.016667 0.031481
2 0.026042 0.842593 0.016667 0.031481
2 0.206250 0.125926 0.016667 0.031481
2 0.086458 0.816667 0.016667 0.031481
2 0.931250 0.204630 0.016667 0.031481
2 0.896094 0.532870 0.023438 0.037963
2 0.848698 0.974537 0.023438 0.037963
2 0.695573 0.608796 0.023438 0.037963
2 0.815885 0.973611 0.023438 0.037963
2 0.454948 0.583796 0.023438 0.037963
2 0.898698 0.401389 0.023438 0.037963
2 0.603906 0.631019 0.023438 0.037963
2 0.466406 0.606944 0.023438 0.037963
2 0.558594 0.637500 0.023438 0.037963
2 0.624219 0.636574 0.023438 0.037963
2 0.959115 0.673611 0.023438 0.037963
2 0.944531 0.541204 0.023438 0.037963
2 0.643490 0.638426 0.023438 0.037963
2 0.505990 0.592130 0.023438 0.037963
2 0.531510 0.619907 0.023438 0.037963
2 0.587240 0.630093 0.023438 0.037963
2 0.889844 0.431944 0.023438 0.037963
2 0.487240 0.590278 0.023438 0.037963
2 0.684115 0.515278 0.023438 0.037963
2 0.870052 0.420833 0.023438 0.037963
