0 0.448841 0.677383 0.038577 0.120824
5 0.616667 0.024074 0.032292 0.048148
2 0.704688 0.305556 0.016667 0.031481
2 0.798958 0.293519 0.022917 0.038889
2 0.946354 0.306481 0.016667 0.031481
2 0.628125 0.696759 0.021875 0.037963
2 0.608854 0.693519 0.016667 0.031481
2 0.594271 0.688426 0.021875 0.037963
2 0.681250 0.164815 0.022917 0.038889
2 0.841146 0.096296 0.022917 0.038889
2 0.955208 0.306481 0.016667 0.031481
2 0.472656 0.624074 0.018229 0.031481
2 0.676042 0.392593 0.016667 0.031481
2 0.939583 0.392593 0.016667 0.031481
2 0.591667 0.400000 0.016667 0.031481
2 0.459896 0.477778 0.016667 0.031481
2 0.848698 0.974537 0.023438 0.037963
2 0.815885 0.973611 0.023438 0.037963
2 0.975260 0.676389 0.023438 0.037963
2 0.640885 0.721759 0.023438 0.037963
2 0.638281 0.647685 0.023438 0.037963
2 0.608594 0.652315 0.023438 0.037963
2 0.962760 0.689352 0.023438 0.037963
2 0.383594 0.621759 0.023438 0.037963
2 0.629427 0.658796 0.023438 0.037963
2 0.216406 0.859722 0.023438 0.037963
2 0.855990 0.707870 0.023438 0.037963
2 0.824740 0.454167 0.023438 0.037963
2 0.867969 0.598611 0.023438 0.037963
2 0.649219 0.631944 0.023438 0.037963
2 0.371615 0.606944 0.023438 0.037963
1 0.372796 0.690089 0.041490 0.037162
1 0.399379 0.688598 0.043554 0.039862
1 0.665153 0.738159 0.061693 0.039143
1 0.562149 0.696270 0.056550 0.037124
