1 0.074740 0.815278 0.063021 0.037963
1 0.784635 0.504167 0.060937 0.037963
1 0.590625 0.504167 0.058333 0.037963
1 0.671094 0.506944 0.063021 0.037963
1 0.886719 0.499537 0.060937 0.037963
1 0.033594 0.810648 0.020313 0.036111
1 0.799219 0.816204 0.020313 0.036111
1 0.514323 0.500000 0.016146 0.048148
1 0.437240 0.500000 0.016146 0.048148
1 0.514844 0.536111 0.016146 0.048148
2 0.203646 0.815278 0.021875 0.037963
5 0.349219 0.269444 0.020313 0.042593
5 0.509375 0.796296 0.027083 0.066667
5 0.416406 0.266667 0.021354 0.044444
5 0.816146 0.262037 0.032292 0.048148
