0 0.479227 0.495545 0.041256 0.118687
2 0.230729 0.822222 0.022917 0.038889
2 0.634635 0.734259 0.018229 0.031481
2 0.748177 0.736111 0.018229 0.031481
2 0.595833 0.834259 0.016667 0.031481
2 0.332292 0.522222 0.016667 0.031481
2 0.595833 0.600000 0.016667 0.031481
2 0.200521 0.522222 0.016667 0.031481
2 0.775521 0.528704 0.016667 0.031481
2 0.782813 0.718519 0.016667 0.031481
2 0.848698 0.974537 0.023438 0.037963
2 0.059635 0.821759 0.023438 0.037963
2 0.815885 0.973611 0.023438 0.037963
2 0.071615 0.806944 0.023438 0.037963
2 0.545573 0.735648 0.023438 0.037963
2 0.785156 0.767130 0.023438 0.037963
2 0.533073 0.721759 0.023438 0.037963
2 0.795573 0.831944 0.023438 0.037963
2 0.804427 0.753241 0.023438 0.037963
2 0.658073 0.768981 0.023438 0.037963
2 0.812240 0.741204 0.023438 0.037963
1 0.319478 0.426174 0.051408 0.038978
1 0.130053 0.430112 0.056558 0.038262
1 0.050260 0.423568 0.046854 0.037218
1 0.080302 0.431320 0.063285 0.039114
1 0.235100 0.431300 0.042421 0.039517
