0 0.544788 0.498446 0.040457 0.119634
5 0.573438 0.501852 0.027083 0.064815
2 0.679948 0.514815 0.023438 0.038889
2 0.956771 0.178704 0.022917 0.038889
2 0.665104 0.607407 0.016667 0.031481
2 0.724479 0.456481 0.016667 0.031481
2 0.370312 0.683333 0.016667 0.031481
2 0.831771 0.605556 0.016667 0.031481
2 0.106771 0.605556 0.016667 0.031481
2 0.708854 0.453704 0.016667 0.031481
2 0.549479 0.612037 0.016667 0.031481
2 0.716146 0.408333 0.016667 0.031481
2 0.578125 0.753704 0.016667 0.031481
2 0.750521 0.416667 0.016667 0.031481
2 0.726042 0.737037 0.016667 0.031481
2 0.501563 0.717593 0.016667 0.031481
2 0.848698 0.974537 0.023438 0.037963
2 0.815885 0.973611 0.023438 0.037963
2 0.741927 0.780093 0.023438 0.037963
2 0.728906 0.784722 0.023438 0.037963
2 0.753385 0.764352 0.023438 0.037963
2 0.476823 0.750463 0.023438 0.037963
2 0.497656 0.757870 0.023438 0.037963
