0 0.568048 0.501766 0.056382 0.111613
5 0.552604 0.228704 0.032292 0.048148
5 0.457552 0.268981 0.033854 0.045370
2 0.865625 0.230556 0.023958 0.038889
2 0.816667 0.529630 0.016667 0.031481
2 0.520052 0.755556 0.018229 0.031481
2 0.563021 0.606481 0.016667 0.031481
2 0.475521 0.612963 0.016667 0.031481
2 0.760938 0.606481 0.016667 0.031481
2 0.102083 0.685185 0.016667 0.031481
2 0.627604 0.755556 0.016667 0.031481
2 0.657813 0.736111 0.016667 0.031481
2 0.848698 0.974537 0.023438 0.037963
2 0.815885 0.973611 0.023438 0.037963
2 0.675260 0.780093 0.023438 0.037963
2 0.421094 0.754167 0.023438 0.037963
2 0.408594 0.740278 0.023438 0.037963
2 0.661719 0.784722 0.023438 0.037963
2 0.686198 0.764352 0.023438 0.037963
2 0.870573 0.813426 0.023438 0.037963
