0 0.586979 0.532870 0.057292 0.117593
5 0.535417 0.530556 0.027083 0.064815
5 0.718750 0.164815 0.032292 0.042593
5 0.649479 0.196296 0.032292 0.042593
5 0.968750 0.173148 0.032292 0.042593
5 0.538021 0.220370 0.032292 0.042593
2 0.861719 0.570370 0.018229 0.031481
2 0.853125 0.806481 0.016667 0.031481
2 0.900000 0.874074 0.022917 0.038889
2 0.823958 0.702778 0.016667 0.031481
2 0.816146 0.602778 0.016667 0.031481
2 0.902083 0.584259 0.016667 0.031481
2 0.829688 0.745370 0.016667 0.031481
2 0.872917 0.594444 0.016667 0.031481
2 0.964583 0.550000 0.016667 0.031481
2 0.917708 0.625926 0.016667 0.031481
2 0.934375 0.750926 0.016667 0.031481
2 0.834375 0.607407 0.016667 0.031481
2 0.869271 0.611111 0.016667 0.031481
2 0.845313 0.807407 0.016667 0.031481
2 0.851562 0.601852 0.016667 0.031481
2 0.830729 0.779630 0.016667 0.031481
2 0.838021 0.308333 0.016667 0.031481
2 0.923177 0.784259 0.018229 0.031481
2 0.923177 0.767593 0.018229 0.031481
2 0.953906 0.573148 0.018229 0.031481
2 0.919531 0.743519 0.018229 0.031481
2 0.948698 0.591667 0.018229 0.031481
2 0.919792 0.530556 0.016667 0.031481
2 0.839063 0.694444 0.016667 0.031481
2 0.696875 0.560185 0.016667 0.031481
2 0.301563 0.637963 0.016667 0.031481
2 0.906250 0.784259 0.016667 0.031481
2 0.763021 0.169444 0.016667 0.031481
2 0.631250 0.169444 0.016667 0.031481
2 0.918229 0.758333 0.016667 0.031481
2 0.433333 0.168519 0.016667 0.031481
2 0.974479 0.489815 0.016667 0.031481
2 0.847396 0.733333 0.016667 0.031481
2 0.928125 0.740741 0.016667 0.031481
2 0.039844 0.401389 0.023438 0.037963
2 0.848698 0.974537 0.023438 0.037963
2 0.193490 0.631944 0.023438 0.037963
2 0.815885 0.973611 0.023438 0.037963
2 0.721615 0.817130 0.023438 0.037963
2 0.654427 0.573611 0.023438 0.037963
2 0.687760 0.809722 0.023438 0.037963
2 0.939844 0.552315 0.023438 0.037963
2 0.093490 0.542130 0.023438 0.037963
2 0.050781 0.606019 0.023438 0.037963
2 0.081510 0.651389 0.023438 0.037963
2 0.180469 0.636574 0.023438 0.037963
2 0.846094 0.878241 0.023438 0.037963
2 0.205469 0.617130 0.023438 0.037963
2 0.230990 0.578241 0.023438 0.037963
