0 0.444963 0.504662 0.038720 0.112951
5 0.313542 0.523148 0.032292 0.042593
2 0.613542 0.520370 0.023958 0.038889
2 0.303125 0.517130 0.021875 0.037963
2 0.679427 0.752778 0.018229 0.031481
2 0.249479 0.449074 0.016667 0.031481
2 0.503125 0.606481 0.016667 0.031481
2 0.371354 0.606481 0.016667 0.031481
2 0.766667 0.684259 0.016667 0.031481
2 0.283333 0.448148 0.016667 0.031481
2 0.242188 0.415741 0.016667 0.031481
2 0.678646 0.691667 0.016667 0.031481
2 0.276562 0.414815 0.016667 0.031481
2 0.721354 0.749074 0.016667 0.031481
2 0.825521 0.737037 0.016667 0.031481
2 0.848698 0.974537 0.023438 0.037963
2 0.115885 0.839352 0.023438 0.037963
2 0.815885 0.973611 0.023438 0.037963
2 0.841406 0.780093 0.023438 0.037963
2 0.587760 0.754167 0.023438 0.037963
2 0.828906 0.784722 0.023438 0.037963
2 0.784115 0.810648 0.023438 0.037963
2 0.575781 0.740278 0.023438 0.037963
2 0.127865 0.823611 0.023438 0.037963
2 0.015885 0.749537 0.023438 0.037963
2 0.853385 0.764352 0.023438 0.037963
2 0.103385 0.842130 0.023438 0.037963
