1 0.559375 0.033796 0.058333 0.037963
1 0.147396 0.502315 0.058333 0.037963
1 0.130990 0.271759 0.063021 0.037963
1 0.065365 0.506944 0.063021 0.037963
1 0.666406 0.034722 0.060937 0.037963
1 0.251563 0.501389 0.058333 0.037963
1 0.913021 0.033796 0.063542 0.037963
1 0.761979 0.811574 0.022917 0.036111
1 0.195052 0.506944 0.060937 0.037963
1 0.148958 0.814352 0.022917 0.036111
2 0.216667 0.263889 0.016667 0.031481
5 0.569010 0.493056 0.035937 0.063889
5 0.938802 0.492130 0.035937 0.063889
5 0.928385 0.269444 0.020313 0.042593
5 0.201823 0.452315 0.032813 0.047222
5 0.185156 0.262037 0.033854 0.048148
5 0.257552 0.265741 0.033854 0.048148
