0 0.434071 0.500243 0.037411 0.117563
5 0.701562 0.229630 0.032292 0.042593
2 0.541927 0.518519 0.023438 0.038889
2 0.404167 0.494444 0.022917 0.038889
2 0.613542 0.142593 0.023958 0.038889
2 0.415625 0.465278 0.021875 0.037963
2 0.251823 0.402778 0.018229 0.031481
2 0.669531 0.754630 0.018229 0.031481
2 0.229427 0.437963 0.018229 0.031481
2 0.431250 0.605556 0.016667 0.031481
2 0.694792 0.683333 0.016667 0.031481
2 0.299479 0.605556 0.016667 0.031481
2 0.217188 0.396296 0.016667 0.031481
2 0.606771 0.690741 0.016667 0.031481
2 0.079687 0.612037 0.016667 0.031481
2 0.848698 0.974537 0.023438 0.037963
2 0.094010 0.838426 0.023438 0.037963
2 0.815885 0.973611 0.023438 0.037963
2 0.823698 0.780093 0.023438 0.037963
2 0.570573 0.755093 0.023438 0.037963
2 0.105990 0.823611 0.023438 0.037963
2 0.558594 0.740278 0.023438 0.037963
2 0.835677 0.764352 0.023438 0.037963
2 0.080990 0.843981 0.023438 0.037963
