0 0.522663 0.497874 0.038312 0.117948
2 0.220833 0.591204 0.021875 0.037963
2 0.188802 0.588889 0.023438 0.038889
2 0.203646 0.588426 0.021875 0.037963
2 0.252083 0.591204 0.021875 0.037963
2 0.372917 0.680556 0.016667 0.031481
2 0.043229 0.289815 0.016667 0.031481
2 0.109375 0.680556 0.016667 0.031481
2 0.482292 0.675000 0.016667 0.031481
2 0.328125 0.688889 0.016667 0.031481
2 0.452083 0.563889 0.016667 0.031481
2 0.848698 0.974537 0.023438 0.037963
2 0.815885 0.973611 0.023438 0.037963
2 0.805469 0.749537 0.023438 0.037963
2 0.495052 0.711574 0.023438 0.037963
2 0.482031 0.716204 0.023438 0.037963
2 0.698177 0.671759 0.023438 0.037963
2 0.507031 0.695833 0.023438 0.037963
2 0.655469 0.734722 0.023438 0.037963
