0 0.501413 0.479043 0.040739 0.119650
5 0.540104 0.578704 0.027083 0.066667
5 0.057813 0.509259 0.032292 0.048148
2 0.621875 0.511111 0.016667 0.031481
2 0.012500 0.514352 0.021875 0.037963
2 0.496354 0.680556 0.016667 0.031481
2 0.232813 0.602778 0.016667 0.031481
2 0.101042 0.602778 0.016667 0.031481
2 0.618229 0.408333 0.016667 0.031481
2 0.957812 0.602778 0.016667 0.031481
2 0.671875 0.610185 0.016667 0.031481
2 0.757812 0.736111 0.016667 0.031481
2 0.848698 0.974537 0.023438 0.037963
2 0.035156 0.839352 0.023438 0.037963
2 0.815885 0.973611 0.023438 0.037963
2 0.774740 0.780093 0.023438 0.037963
2 0.520573 0.755093 0.023438 0.037963
2 0.761198 0.784722 0.023438 0.037963
2 0.046615 0.823611 0.023438 0.037963
2 0.508594 0.740278 0.023438 0.037963
2 0.022135 0.843056 0.023438 0.037963
2 0.785677 0.764352 0.023438 0.037963
