0 0.580870 0.568130 0.037985 0.120118
5 0.534115 0.396759 0.025521 0.071296
5 0.200000 0.515741 0.032292 0.042593
2 0.054167 0.502315 0.021875 0.037963
2 0.154167 0.511111 0.016667 0.031481
2 0.189583 0.508796 0.021875 0.037963
2 0.169271 0.505093 0.021875 0.037963
2 0.985417 0.200926 0.022917 0.038889
2 0.784375 0.710185 0.016667 0.031481
2 0.651302 0.751852 0.018229 0.031481
2 0.653125 0.676852 0.016667 0.031481
2 0.389583 0.599074 0.016667 0.031481
2 0.257812 0.599074 0.016667 0.031481
2 0.568750 0.683333 0.016667 0.031481
2 0.796875 0.736111 0.016667 0.031481
2 0.848698 0.974537 0.023438 0.037963
2 0.097656 0.819907 0.023438 0.037963
2 0.081510 0.837500 0.023438 0.037963
2 0.815885 0.973611 0.023438 0.037963
2 0.812760 0.779167 0.023438 0.037963
2 0.559635 0.753241 0.023438 0.037963
2 0.800260 0.783796 0.023438 0.037963
2 0.547656 0.739352 0.023438 0.037963
2 0.824740 0.762500 0.023438 0.037963
2 0.067969 0.841204 0.023438 0.037963
1 0.812641 0.506517 0.053074 0.038289
1 0.231352 0.891514 0.049888 0.022771
1 0.964166 0.508986 0.065154 0.037654
1 0.858349 0.506677 0.060467 0.042580
