0 0.534462 0.586706 0.045440 0.115928
5 0.333333 0.213889 0.032292 0.042593
5 0.258333 0.214815 0.032292 0.042593
2 0.967708 0.517130 0.021875 0.037963
2 0.633073 0.124074 0.018229 0.031481
2 0.618750 0.119907 0.021875 0.037963
2 0.489323 0.925000 0.018229 0.031481
2 0.847656 0.151852 0.023438 0.038889
2 0.294531 0.925000 0.018229 0.031481
2 0.303906 0.925000 0.018229 0.031481
2 0.313281 0.925000 0.018229 0.031481
2 0.322656 0.925000 0.018229 0.031481
2 0.332031 0.925000 0.018229 0.031481
2 0.341406 0.925000 0.018229 0.031481
2 0.350781 0.925000 0.018229 0.031481
2 0.360156 0.925000 0.018229 0.031481
2 0.369531 0.925000 0.018229 0.031481
2 0.378906 0.925000 0.018229 0.031481
2 0.388281 0.925000 0.018229 0.031481
2 0.397656 0.925000 0.018229 0.031481
2 0.407031 0.925000 0.018229 0.031481
2 0.416406 0.925000 0.018229 0.031481
2 0.425781 0.925000 0.018229 0.031481
2 0.435156 0.925000 0.018229 0.031481
2 0.444531 0.925000 0.018229 0.031481
2 0.453906 0.925000 0.018229 0.031481
2 0.463281 0.925000 0.018229 0.031481
2 0.472656 0.925000 0.018229 0.031481
2 0.273698 0.925000 0.018229 0.031481
2 0.284115 0.925000 0.018229 0.031481
2 0.194010 0.925000 0.018229 0.031481
2 0.176302 0.925000 0.018229 0.031481
2 0.029427 0.925000 0.018229 0.031481
2 0.147656 0.925000 0.018229 0.031481
2 0.044271 0.925000 0.016667 0.031481
2 0.633854 0.218519 0.016667 0.031481
2 0.700000 0.609259 0.016667 0.031481
2 0.436458 0.218519 0.016667 0.031481
2 0.848698 0.974537 0.023438 0.037963
2 0.975781 0.743056 0.023438 0.037963
2 0.815885 0.973611 0.023438 0.037963
2 0.634635 0.690278 0.023438 0.037963
2 0.875781 0.654167 0.023438 0.037963
2 0.372656 0.645833 0.023438 0.037963
2 0.386719 0.669907 0.023438 0.037963
2 0.987240 0.727315 0.023438 0.037963
2 0.863802 0.762500 0.023438 0.037963
2 0.398177 0.672685 0.023438 0.037963
2 0.848177 0.756944 0.023438 0.037963
2 0.467448 0.704167 0.023438 0.037963
2 0.963281 0.742130 0.023438 0.037963
1 0.982372 0.520131 0.034735 0.035206
