0 0.570195 0.495436 0.042464 0.120579
2 0.579167 0.507870 0.021875 0.037963
2 0.966667 0.176852 0.022917 0.038889
2 0.192708 0.603704 0.016667 0.031481
2 0.456250 0.682407 0.016667 0.031481
2 0.917188 0.603704 0.016667 0.031481
2 0.060937 0.603704 0.016667 0.031481
2 0.631771 0.611111 0.016667 0.031481
2 0.605729 0.751852 0.016667 0.031481
2 0.368229 0.689815 0.016667 0.031481
2 0.746875 0.737037 0.016667 0.031481
2 0.848698 0.974537 0.023438 0.037963
2 0.022656 0.839352 0.023438 0.037963
2 0.815885 0.973611 0.023438 0.037963
2 0.763281 0.780093 0.023438 0.037963
2 0.509635 0.754167 0.023438 0.037963
2 0.750260 0.784722 0.023438 0.037963
2 0.034115 0.823611 0.023438 0.037963
2 0.497135 0.740278 0.023438 0.037963
2 0.774740 0.764352 0.023438 0.037963
1 0.065826 0.514516 0.062658 0.039902
1 0.257547 0.510387 0.061869 0.038950
1 0.160022 0.893090 0.036685 0.020217
