0 0.399990 0.771486 0.038251 0.097555
5 0.225521 0.138889 0.032292 0.042593
2 0.496875 0.060185 0.023958 0.038889
2 0.253646 0.516667 0.022917 0.038889
2 0.227604 0.526389 0.021875 0.037963
2 0.193229 0.515278 0.021875 0.037963
2 0.269271 0.522685 0.021875 0.037963
2 0.208333 0.523148 0.023958 0.038889
2 0.696094 0.545370 0.018229 0.031481
2 0.666667 0.787037 0.016667 0.031481
2 0.687500 0.781481 0.016667 0.031481
2 0.658333 0.677778 0.016667 0.031481
2 0.664062 0.720370 0.016667 0.031481
2 0.650521 0.577778 0.016667 0.031481
2 0.736458 0.560185 0.016667 0.031481
2 0.752083 0.600926 0.016667 0.031481
2 0.798958 0.525000 0.016667 0.031481
2 0.707292 0.569444 0.016667 0.031481
2 0.768750 0.725926 0.016667 0.031481
2 0.833333 0.520370 0.016667 0.031481
2 0.701042 0.597222 0.016667 0.031481
2 0.668229 0.584259 0.016667 0.031481
2 0.754427 0.507407 0.018229 0.031481
2 0.757552 0.745370 0.018229 0.031481
2 0.788281 0.548148 0.018229 0.031481
2 0.753906 0.724074 0.018229 0.031481
2 0.782031 0.876852 0.018229 0.031481
2 0.757552 0.764815 0.018229 0.031481
2 0.673438 0.669444 0.016667 0.031481
2 0.337500 0.730556 0.016667 0.031481
2 0.785937 0.561111 0.016667 0.031481
2 0.255208 0.872222 0.016667 0.031481
2 0.135937 0.612963 0.016667 0.031481
2 0.309375 0.757407 0.016667 0.031481
2 0.267708 0.144444 0.016667 0.031481
2 0.860938 0.065741 0.016667 0.031481
2 0.597396 0.144444 0.016667 0.031481
2 0.685937 0.577778 0.016667 0.031481
2 0.531250 0.535185 0.016667 0.031481
2 0.741146 0.757407 0.016667 0.031481
2 0.778125 0.562963 0.016667 0.031481
2 0.710938 0.072222 0.016667 0.031481
2 0.848698 0.974537 0.023438 0.037963
2 0.815885 0.973611 0.023438 0.037963
2 0.555990 0.792130 0.023438 0.037963
2 0.614323 0.568981 0.023438 0.037963
2 0.865365 0.593056 0.023438 0.037963
2 0.851823 0.597685 0.023438 0.037963
2 0.522656 0.785648 0.023438 0.037963
2 0.876823 0.577315 0.023438 0.037963
2 0.032031 0.645833 0.023438 0.037963
2 0.235156 0.868056 0.023438 0.037963
2 0.552865 0.813426 0.023438 0.037963
2 0.680990 0.853241 0.023438 0.037963
2 0.327865 0.286574 0.023438 0.037963
2 0.544531 0.783796 0.023438 0.037963
2 0.347135 0.531019 0.023438 0.037963
1 0.214020 0.050875 0.037785 0.041845
1 0.395441 0.521248 0.038563 0.038454
1 0.250765 0.047104 0.044071 0.039520
1 0.284528 0.518066 0.036056 0.035126
1 0.329841 0.520651 0.063813 0.037145
