1 0.828385 0.501389 0.060937 0.037963
1 0.088281 0.815278 0.060937 0.037963
1 0.577083 0.504167 0.063542 0.037963
1 0.689063 0.504167 0.058333 0.037963
1 0.872135 0.502315 0.060937 0.037963
1 0.911719 0.498611 0.060937 0.037963
1 0.856250 0.811574 0.063542 0.037963
1 0.046094 0.810648 0.020313 0.036111
1 0.811198 0.815278 0.020313 0.036111
1 0.449740 0.500000 0.016146 0.048148
1 0.526823 0.500000 0.016146 0.048148
1 0.449740 0.537037 0.016146 0.048148
1 0.768229 0.813426 0.023958 0.036111
1 0.800000 0.816204 0.023958 0.036111
1 0.757031 0.813426 0.020313 0.036111
1 0.057292 0.810648 0.023958 0.036111
