0 0.518176 0.568371 0.037007 0.114593
5 0.539583 0.572222 0.027083 0.064815
2 0.621875 0.424074 0.016667 0.031481
2 0.652604 0.371296 0.016667 0.031481
2 0.496354 0.674074 0.016667 0.031481
2 0.232813 0.596296 0.016667 0.031481
2 0.101042 0.596296 0.016667 0.031481
2 0.957812 0.596296 0.016667 0.031481
2 0.636458 0.383333 0.016667 0.031481
2 0.757812 0.735185 0.016667 0.031481
2 0.671875 0.603704 0.016667 0.031481
2 0.848698 0.974537 0.023438 0.037963
2 0.035156 0.836574 0.023438 0.037963
2 0.815885 0.973611 0.023438 0.037963
2 0.774219 0.779167 0.023438 0.037963
2 0.520573 0.753241 0.023438 0.037963
2 0.046615 0.820833 0.023438 0.037963
2 0.761198 0.783796 0.023438 0.037963
2 0.786198 0.763426 0.023438 0.037963
2 0.022135 0.840278 0.023438 0.037963
2 0.508594 0.739352 0.023438 0.037963
