0 0.453563 0.584865 0.040889 0.121992
5 0.410417 0.593519 0.027083 0.066667
5 0.204687 0.227778 0.032292 0.042593
2 0.885156 0.211111 0.023438 0.038889
2 0.790104 0.226852 0.016667 0.031481
2 0.694531 0.606481 0.018229 0.031481
2 0.713542 0.610648 0.021875 0.037963
2 0.680208 0.601389 0.021875 0.037963
2 0.788021 0.112963 0.023958 0.038889
2 0.538021 0.175926 0.022917 0.038889
2 0.797917 0.367593 0.016667 0.031481
2 0.500260 0.586111 0.018229 0.031481
2 0.761458 0.309259 0.016667 0.031481
2 0.610156 0.589815 0.018229 0.031481
2 0.062760 0.854630 0.018229 0.031481
2 0.036458 0.231481 0.016667 0.031481
2 0.708333 0.702778 0.016667 0.031481
2 0.936979 0.316667 0.016667 0.031481
2 0.069792 0.845370 0.016667 0.031481
2 0.647396 0.590741 0.016667 0.031481
2 0.848698 0.974537 0.023438 0.037963
2 0.727344 0.639352 0.023438 0.037963
2 0.815885 0.973611 0.023438 0.037963
2 0.961198 0.697685 0.023438 0.037963
2 0.911198 0.585648 0.023438 0.037963
2 0.882552 0.686574 0.023438 0.037963
2 0.894010 0.568981 0.023438 0.037963
2 0.390885 0.603241 0.023438 0.037963
2 0.851823 0.641204 0.023438 0.037963
2 0.694531 0.568981 0.023438 0.037963
2 0.301823 0.776389 0.023438 0.037963
2 0.489844 0.615278 0.023438 0.037963
2 0.895052 0.699537 0.023438 0.037963
2 0.909115 0.699537 0.023438 0.037963
2 0.748177 0.670833 0.023438 0.037963
2 0.847656 0.428241 0.023438 0.037963
