0 0.517448 0.496296 0.047396 0.118519
5 0.493750 0.500926 0.027083 0.066667
2 0.296875 0.590741 0.016667 0.031481
2 0.324219 0.588889 0.023438 0.038889
2 0.211458 0.590278 0.021875 0.037963
2 0.179688 0.590741 0.023958 0.038889
2 0.193750 0.587500 0.021875 0.037963
2 0.242188 0.590278 0.021875 0.037963
2 0.048958 0.584722 0.021875 0.037963
2 0.336719 0.584259 0.023438 0.038889
2 0.032813 0.584722 0.021875 0.037963
2 0.351562 0.587500 0.021875 0.037963
1 0.011276 0.587381 0.022552 0.036483
1 0.444779 0.585961 0.061855 0.036673
