0 0.319792 0.822685 0.057292 0.117593
5 0.324479 0.139815 0.032292 0.042593
5 0.389062 0.139352 0.032292 0.049074
2 0.861719 0.545370 0.018229 0.031481
2 0.853125 0.781481 0.016667 0.031481
2 0.823958 0.677778 0.016667 0.031481
2 0.816146 0.577778 0.016667 0.031481
2 0.902083 0.560185 0.016667 0.031481
2 0.829688 0.720370 0.016667 0.031481
2 0.872917 0.569444 0.016667 0.031481
2 0.964583 0.525000 0.016667 0.031481
2 0.917708 0.600926 0.016667 0.031481
2 0.934375 0.725926 0.016667 0.031481
2 0.834375 0.582407 0.016667 0.031481
2 0.869271 0.586111 0.016667 0.031481
2 0.851562 0.576852 0.016667 0.031481
2 0.923177 0.744444 0.018229 0.031481
2 0.953906 0.548148 0.018229 0.031481
2 0.919531 0.719444 0.018229 0.031481
2 0.923177 0.761111 0.018229 0.031481
2 0.919531 0.506481 0.018229 0.031481
2 0.839063 0.669444 0.016667 0.031481
2 0.950521 0.563889 0.016667 0.031481
2 0.420833 0.872222 0.016667 0.031481
2 0.631250 0.144444 0.016667 0.031481
2 0.696875 0.535185 0.016667 0.031481
2 0.763021 0.144444 0.016667 0.031481
2 0.301563 0.612963 0.016667 0.031481
2 0.918229 0.733333 0.016667 0.031481
2 0.906250 0.757407 0.016667 0.031481
2 0.433333 0.144444 0.016667 0.031481
2 0.959375 0.435185 0.016667 0.031481
2 0.834375 0.785185 0.016667 0.031481
2 0.928125 0.715741 0.016667 0.031481
2 0.848698 0.974537 0.023438 0.037963
2 0.193490 0.626389 0.023438 0.037963
2 0.039844 0.376389 0.023438 0.037963
2 0.815885 0.973611 0.023438 0.037963
2 0.721615 0.792130 0.023438 0.037963
2 0.653385 0.567130 0.023438 0.037963
2 0.093490 0.537500 0.023438 0.037963
2 0.688281 0.785648 0.023438 0.037963
2 0.400781 0.867130 0.023438 0.037963
2 0.050781 0.600463 0.023438 0.037963
2 0.180990 0.630093 0.023438 0.037963
2 0.641406 0.553241 0.023438 0.037963
2 0.204948 0.610648 0.023438 0.037963
2 0.846094 0.854167 0.023438 0.037963
1 0.254479 0.522114 0.053317 0.036647
1 0.610471 0.523393 0.030954 0.035720
1 0.822805 0.788522 0.019318 0.036055
1 0.206085 0.056365 0.022802 0.039274
