0 0.538218 0.504445 0.058357 0.111476
5 0.840625 0.224074 0.032292 0.042593
2 0.685937 0.515278 0.021875 0.037963
2 0.959375 0.179630 0.022917 0.038889
2 0.675000 0.602778 0.016667 0.031481
2 0.674479 0.438889 0.016667 0.031481
2 0.389062 0.683333 0.016667 0.031481
2 0.850000 0.605556 0.016667 0.031481
2 0.125000 0.605556 0.016667 0.031481
2 0.683333 0.408333 0.016667 0.031481
2 0.697917 0.410185 0.016667 0.031481
2 0.696354 0.612037 0.016667 0.031481
2 0.568229 0.612037 0.016667 0.031481
2 0.582812 0.753704 0.016667 0.031481
2 0.959896 0.612037 0.016667 0.031481
2 0.730208 0.737037 0.016667 0.031481
2 0.894271 0.612037 0.016667 0.031481
2 0.848698 0.974537 0.023438 0.037963
2 0.815885 0.973611 0.023438 0.037963
2 0.746615 0.780093 0.023438 0.037963
2 0.913281 0.704167 0.023438 0.037963
2 0.489844 0.755093 0.023438 0.037963
2 0.013281 0.822685 0.023438 0.037963
2 0.733594 0.784722 0.023438 0.037963
2 0.758073 0.764352 0.023438 0.037963
2 0.939323 0.623611 0.023438 0.037963
2 0.478385 0.738426 0.023438 0.037963
1 0.741290 0.515613 0.055136 0.040059
