0 0.561608 0.614107 0.037081 0.101951
2 0.644271 0.168056 0.021875 0.037963
2 0.658333 0.172222 0.016667 0.031481
2 0.326302 0.172222 0.023438 0.038889
2 0.559896 0.169444 0.022917 0.038889
2 0.855729 0.162037 0.022917 0.038889
2 0.636198 0.662037 0.018229 0.031481
2 0.461979 0.263889 0.016667 0.031481
2 0.601823 0.679630 0.018229 0.031481
2 0.659375 0.264815 0.016667 0.031481
2 0.725521 0.654630 0.016667 0.031481
2 0.611198 0.680556 0.018229 0.031481
2 0.989062 0.654630 0.016667 0.031481
2 0.904167 0.662037 0.016667 0.031481
2 0.660417 0.248148 0.016667 0.031481
2 0.539583 0.487037 0.016667 0.031481
2 0.848698 0.974537 0.023438 0.037963
2 0.815885 0.973611 0.023438 0.037963
2 0.882031 0.671759 0.023438 0.037963
2 0.651302 0.706019 0.023438 0.037963
2 0.636198 0.710648 0.023438 0.037963
2 0.896615 0.668981 0.023438 0.037963
2 0.403385 0.680093 0.023438 0.037963
2 0.839844 0.728241 0.023438 0.037963
2 0.683594 0.669907 0.023438 0.037963
2 0.579948 0.738426 0.023438 0.037963
1 0.655003 0.563173 0.034125 0.037590
1 0.907908 0.558195 0.049124 0.039225
1 0.738252 0.564498 0.060296 0.037585
