0 0.569452 0.500230 0.038335 0.117995
5 0.522917 0.505093 0.029167 0.063889
5 0.981250 0.272222 0.032292 0.042593
2 0.178125 0.520370 0.016667 0.031481
2 0.609375 0.521296 0.022917 0.038889
2 0.299479 0.511574 0.021875 0.037963
2 0.263802 0.521296 0.018229 0.031481
2 0.279167 0.515278 0.021875 0.037963
2 0.164062 0.513426 0.021875 0.037963
2 0.678906 0.753704 0.018229 0.031481
2 0.716927 0.750000 0.018229 0.031481
2 0.499479 0.606481 0.016667 0.031481
2 0.367708 0.606481 0.016667 0.031481
2 0.763021 0.685185 0.016667 0.031481
2 0.675000 0.691667 0.016667 0.031481
2 0.824479 0.737037 0.016667 0.031481
2 0.848698 0.974537 0.023438 0.037963
2 0.114323 0.839352 0.023438 0.037963
2 0.815885 0.973611 0.023438 0.037963
2 0.840885 0.780093 0.023438 0.037963
2 0.587240 0.754167 0.023438 0.037963
2 0.126302 0.823611 0.023438 0.037963
2 0.827865 0.784722 0.023438 0.037963
2 0.875260 0.725463 0.023438 0.037963
2 0.014323 0.749537 0.023438 0.037963
2 0.575260 0.740278 0.023438 0.037963
2 0.851823 0.764352 0.023438 0.037963
2 0.101823 0.843056 0.023438 0.037963
2 0.780469 0.810648 0.023438 0.037963
1 0.942988 0.514189 0.032533 0.033010
