0 0.416620 0.813105 0.036704 0.106294
5 0.670312 0.138889 0.032292 0.042593
2 0.612760 0.052778 0.023438 0.038889
2 0.374479 0.814815 0.016667 0.031481
2 0.370573 0.521296 0.023438 0.038889
2 0.385937 0.518056 0.021875 0.037963
2 0.343750 0.529167 0.021875 0.037963
2 0.309375 0.519907 0.021875 0.037963
2 0.324219 0.524074 0.023438 0.038889
2 0.812760 0.545370 0.018229 0.031481
2 0.783333 0.787037 0.016667 0.031481
2 0.784896 0.146296 0.022917 0.038889
2 0.804167 0.781481 0.016667 0.031481
2 0.766667 0.578704 0.016667 0.031481
2 0.775000 0.677778 0.016667 0.031481
2 0.853125 0.560185 0.016667 0.031481
2 0.780729 0.720370 0.016667 0.031481
2 0.823438 0.570370 0.016667 0.031481
2 0.915625 0.525000 0.016667 0.031481
2 0.868750 0.600926 0.016667 0.031481
2 0.784896 0.584259 0.016667 0.031481
2 0.817708 0.596296 0.016667 0.031481
2 0.801562 0.581481 0.016667 0.031481
2 0.904948 0.548148 0.018229 0.031481
2 0.870573 0.716667 0.018229 0.031481
2 0.870573 0.506481 0.018229 0.031481
2 0.873698 0.750000 0.018229 0.031481
2 0.899740 0.565741 0.018229 0.031481
2 0.790104 0.669444 0.016667 0.031481
2 0.371875 0.872222 0.016667 0.031481
2 0.868750 0.737037 0.016667 0.031481
2 0.384375 0.144444 0.016667 0.031481
2 0.581771 0.144444 0.016667 0.031481
2 0.883854 0.697222 0.016667 0.031481
2 0.714063 0.144444 0.016667 0.031481
2 0.647917 0.535185 0.016667 0.031481
2 0.252604 0.612963 0.016667 0.031481
2 0.977083 0.066667 0.016667 0.031481
2 0.857292 0.759259 0.016667 0.031481
2 0.848698 0.974537 0.023438 0.037963
2 0.185156 0.616204 0.023438 0.037963
2 0.815885 0.973611 0.023438 0.037963
2 0.672656 0.792130 0.023438 0.037963
2 0.634115 0.564352 0.023438 0.037963
2 0.638802 0.784722 0.023438 0.037963
2 0.078906 0.536574 0.023438 0.037963
2 0.351302 0.868056 0.023438 0.037963
2 0.173177 0.630093 0.023438 0.037963
2 0.067448 0.645833 0.023438 0.037963
2 0.800781 0.850463 0.023438 0.037963
2 0.669531 0.813426 0.023438 0.037963
2 0.036198 0.601389 0.023438 0.037963
1 0.540196 0.519398 0.062029 0.037348
1 0.414221 0.054920 0.055449 0.038199
1 0.313174 0.053177 0.056477 0.040330
