0 0.456725 0.499741 0.038102 0.110299
2 0.231510 0.825926 0.023438 0.038889
2 0.415104 0.500000 0.023958 0.038889
2 0.634635 0.735185 0.018229 0.031481
2 0.332292 0.522222 0.016667 0.031481
2 0.595833 0.600000 0.016667 0.031481
2 0.595833 0.834259 0.016667 0.031481
2 0.200521 0.522222 0.016667 0.031481
2 0.775521 0.528704 0.016667 0.031481
2 0.782813 0.718519 0.016667 0.031481
2 0.848698 0.974537 0.023438 0.037963
2 0.059635 0.821759 0.023438 0.037963
2 0.815885 0.973611 0.023438 0.037963
2 0.071615 0.806944 0.023438 0.037963
2 0.545573 0.735648 0.023438 0.037963
2 0.785156 0.767130 0.023438 0.037963
2 0.533594 0.721759 0.023438 0.037963
2 0.795573 0.831944 0.023438 0.037963
2 0.804427 0.753241 0.023438 0.037963
2 0.658073 0.768981 0.023438 0.037963
2 0.812240 0.741204 0.023438 0.037963
1 0.802258 0.431370 0.041511 0.036876
1 0.771081 0.429313 0.046390 0.037658
1 0.132474 0.432939 0.030683 0.035503
1 0.060218 0.429475 0.047631 0.036756
1 0.733801 0.430906 0.063201 0.037005
1 0.103136 0.431661 0.062008 0.037641
