0 0.455013 0.520781 0.038710 0.119166
1 0.346230 0.536302 0.065006 0.062991
5 0.324479 0.148148 0.032292 0.042593
5 0.968750 0.170370 0.032292 0.042593
2 0.651563 0.065278 0.021875 0.037963
2 0.861719 0.554630 0.018229 0.031481
2 0.832292 0.796296 0.016667 0.031481
2 0.853125 0.790741 0.016667 0.031481
2 0.823958 0.687037 0.016667 0.031481
2 0.816146 0.587037 0.016667 0.031481
2 0.902083 0.569444 0.016667 0.031481
2 0.829688 0.729630 0.016667 0.031481
2 0.873437 0.575926 0.016667 0.031481
2 0.964583 0.534259 0.016667 0.031481
2 0.869792 0.592593 0.016667 0.031481
2 0.917708 0.610185 0.016667 0.031481
2 0.835938 0.585185 0.016667 0.031481
2 0.850521 0.590741 0.016667 0.031481
2 0.866146 0.609259 0.016667 0.031481
2 0.953906 0.557407 0.018229 0.031481
2 0.923177 0.753704 0.018229 0.031481
2 0.919531 0.727778 0.018229 0.031481
2 0.923177 0.772222 0.018229 0.031481
2 0.919531 0.515741 0.018229 0.031481
2 0.839063 0.678704 0.016667 0.031481
2 0.951042 0.572222 0.016667 0.031481
2 0.420833 0.881481 0.016667 0.031481
2 0.917708 0.744444 0.016667 0.031481
2 0.453125 0.883333 0.016667 0.031481
2 0.631250 0.153704 0.016667 0.031481
2 0.301563 0.622222 0.016667 0.031481
2 0.763021 0.153704 0.016667 0.031481
2 0.696875 0.544444 0.016667 0.031481
2 0.943229 0.573148 0.016667 0.031481
2 0.433333 0.152778 0.016667 0.031481
2 0.906250 0.766667 0.016667 0.031481
2 0.974479 0.474074 0.016667 0.031481
2 0.847396 0.717593 0.016667 0.031481
2 0.959375 0.444444 0.016667 0.031481
2 0.847396 0.602778 0.016667 0.031481
2 0.848698 0.974537 0.023438 0.037963
2 0.193490 0.628241 0.023438 0.037963
2 0.815885 0.973611 0.023438 0.037963
2 0.039844 0.385648 0.023438 0.037963
2 0.721615 0.801389 0.023438 0.037963
2 0.654427 0.571759 0.023438 0.037963
2 0.687760 0.793981 0.023438 0.037963
2 0.094010 0.540278 0.023438 0.037963
2 0.400781 0.876389 0.023438 0.037963
2 0.641927 0.556019 0.023438 0.037963
2 0.050781 0.602315 0.023438 0.037963
2 0.082031 0.647685 0.023438 0.037963
2 0.846094 0.862500 0.023438 0.037963
2 0.180990 0.631944 0.023438 0.037963
2 0.205469 0.612500 0.023438 0.037963
1 0.218578 0.062220 0.049918 0.041727
1 0.383151 0.529222 0.051620 0.038002
1 0.424188 0.530300 0.037933 0.039759
1 0.615998 0.063643 0.059085 0.037258
1 0.285947 0.060561 0.049780 0.039868
1 0.522939 0.532111 0.060071 0.038464
1 0.571099 0.063232 0.049927 0.038125
