0 0.503708 0.573786 0.038035 0.116266
5 0.540104 0.575926 0.027083 0.064815
2 0.496354 0.676852 0.016667 0.031481
2 0.597396 0.446296 0.016667 0.031481
2 0.232813 0.599074 0.016667 0.031481
2 0.101042 0.599074 0.016667 0.031481
2 0.957812 0.599074 0.016667 0.031481
2 0.630208 0.445370 0.016667 0.031481
2 0.640625 0.413889 0.016667 0.031481
2 0.672396 0.605556 0.016667 0.031481
2 0.757812 0.735185 0.016667 0.031481
2 0.611979 0.449074 0.016667 0.031481
2 0.848698 0.974537 0.023438 0.037963
2 0.035156 0.837500 0.023438 0.037963
2 0.815885 0.973611 0.023438 0.037963
2 0.773698 0.779167 0.023438 0.037963
2 0.520573 0.753241 0.023438 0.037963
2 0.761198 0.783796 0.023438 0.037963
2 0.046615 0.821759 0.023438 0.037963
2 0.508073 0.738426 0.023438 0.037963
2 0.786198 0.763426 0.023438 0.037963
2 0.022135 0.843056 0.023438 0.037963
