0 0.451354 0.819381 0.038120 0.121033
5 0.913021 0.162963 0.032292 0.042593
2 0.948958 0.058333 0.016667 0.031481
2 0.802083 0.045370 0.022917 0.038889
2 0.900000 0.874074 0.022917 0.038889
2 0.925521 0.831481 0.022917 0.038889
2 0.504687 0.532407 0.016667 0.031481
2 0.772917 0.325000 0.016667 0.031481
2 0.957812 0.058333 0.016667 0.031481
2 0.135677 0.870370 0.018229 0.031481
2 0.284896 0.752778 0.016667 0.031481
2 0.146615 0.870370 0.018229 0.031481
2 0.678646 0.144444 0.016667 0.031481
2 0.751302 0.803704 0.018229 0.031481
2 0.738802 0.832407 0.018229 0.031481
2 0.514844 0.563889 0.018229 0.031481
2 0.497135 0.572222 0.018229 0.031481
2 0.017969 0.825000 0.018229 0.031481
2 0.009115 0.877778 0.018229 0.031481
2 0.238281 0.803704 0.018229 0.031481
2 0.567448 0.561111 0.018229 0.031481
2 0.942187 0.144444 0.016667 0.031481
2 0.458854 0.541667 0.016667 0.031481
2 0.525000 0.541667 0.016667 0.031481
2 0.815104 0.841667 0.016667 0.031481
2 0.458854 0.229630 0.016667 0.031481
2 0.305729 0.748148 0.016667 0.031481
2 0.079167 0.875926 0.016667 0.031481
2 0.521875 0.848148 0.016667 0.031481
2 0.843229 0.877778 0.016667 0.031481
2 0.504167 0.565741 0.016667 0.031481
2 0.303646 0.785185 0.016667 0.031481
2 0.626042 0.537963 0.016667 0.031481
2 0.724740 0.831019 0.023438 0.037963
2 0.878385 0.532870 0.023438 0.037963
2 0.848698 0.974537 0.023438 0.037963
2 0.643490 0.472685 0.023438 0.037963
2 0.969531 0.626389 0.023438 0.037963
2 0.815885 0.973611 0.023438 0.037963
2 0.050781 0.852315 0.023438 0.037963
2 0.981510 0.610648 0.023438 0.037963
2 0.858073 0.645833 0.023438 0.037963
2 0.674740 0.517130 0.023438 0.037963
2 0.826823 0.600463 0.023438 0.037963
1 0.750437 0.520876 0.053299 0.039474
1 0.284452 0.837917 0.056057 0.031170
