0 0.569631 0.570750 0.039866 0.117265
5 0.540625 0.569444 0.027083 0.064815
2 0.073958 0.502315 0.021875 0.037963
2 0.053125 0.506944 0.021875 0.037963
2 0.601302 0.604630 0.023438 0.038889
2 0.537500 0.673148 0.016667 0.031481
2 0.273958 0.594444 0.016667 0.031481
2 0.142187 0.594444 0.016667 0.031481
2 0.620833 0.751852 0.016667 0.031481
2 0.768229 0.735185 0.016667 0.031481
2 0.848698 0.974537 0.023438 0.037963
2 0.047656 0.836574 0.023438 0.037963
2 0.815885 0.973611 0.023438 0.037963
2 0.784635 0.777315 0.023438 0.037963
2 0.517448 0.737500 0.023438 0.037963
2 0.058594 0.820833 0.023438 0.037963
2 0.771094 0.781944 0.023438 0.037963
2 0.795573 0.761574 0.023438 0.037963
2 0.540365 0.750463 0.023438 0.037963
1 0.871994 0.504927 0.053043 0.039460
1 0.708386 0.502438 0.051403 0.040204
1 0.922412 0.498588 0.060869 0.038541
1 0.672590 0.501994 0.061226 0.037989
1 0.216349 0.891530 0.055224 0.025504
