0 0.554090 0.505064 0.060607 0.110302
2 0.961979 0.179630 0.022917 0.038889
2 0.689063 0.482407 0.016667 0.031481
2 0.721354 0.401852 0.016667 0.031481
2 0.405729 0.683333 0.016667 0.031481
2 0.010417 0.605556 0.016667 0.031481
2 0.866667 0.605556 0.016667 0.031481
2 0.688021 0.400926 0.016667 0.031481
2 0.678125 0.437037 0.016667 0.031481
2 0.694271 0.440741 0.016667 0.031481
2 0.142187 0.605556 0.016667 0.031481
2 0.910937 0.612037 0.016667 0.031481
2 0.702083 0.404630 0.016667 0.031481
2 0.581250 0.612037 0.016667 0.031481
2 0.587500 0.754630 0.016667 0.031481
2 0.735417 0.737037 0.016667 0.031481
2 0.321875 0.688889 0.016667 0.031481
2 0.848698 0.974537 0.023438 0.037963
2 0.815885 0.973611 0.023438 0.037963
2 0.014323 0.828241 0.023438 0.037963
2 0.750781 0.780093 0.023438 0.037963
2 0.498177 0.755093 0.023438 0.037963
2 0.738802 0.784722 0.023438 0.037963
2 0.485677 0.740278 0.023438 0.037963
2 0.762760 0.764352 0.023438 0.037963
1 0.245520 0.514473 0.062619 0.041261
1 0.115665 0.892597 0.037437 0.020049
