0 0.468971 0.549023 0.042009 0.119828
2 0.692187 0.559259 0.023958 0.038889
2 0.838542 0.564815 0.016667 0.031481
2 0.486979 0.168056 0.021875 0.037963
2 0.501042 0.172222 0.016667 0.031481
2 0.847396 0.568519 0.016667 0.031481
2 0.310937 0.168519 0.022917 0.038889
2 0.448177 0.678704 0.018229 0.031481
2 0.470573 0.683333 0.018229 0.031481
2 0.502083 0.264815 0.016667 0.031481
2 0.547135 0.679630 0.018229 0.031481
2 0.304688 0.263889 0.016667 0.031481
2 0.458073 0.682407 0.018229 0.031481
2 0.568229 0.654630 0.016667 0.031481
2 0.831771 0.654630 0.016667 0.031481
2 0.576562 0.489815 0.016667 0.031481
2 0.480208 0.662037 0.016667 0.031481
2 0.619271 0.460185 0.016667 0.031481
2 0.611458 0.497222 0.016667 0.031481
2 0.526042 0.675000 0.016667 0.031481
2 0.584896 0.459259 0.016667 0.031481
2 0.591667 0.500926 0.016667 0.031481
2 0.480729 0.290741 0.016667 0.031481
2 0.848698 0.974537 0.023438 0.037963
2 0.611198 0.706019 0.023438 0.037963
2 0.815885 0.973611 0.023438 0.037963
2 0.597135 0.710648 0.023438 0.037963
2 0.824219 0.773611 0.023438 0.037963
2 0.792969 0.728241 0.023438 0.037963
2 0.701823 0.748611 0.023438 0.037963
2 0.922135 0.760648 0.023438 0.037963
1 0.606227 0.551655 0.070251 0.063447
