1 0.844010 0.815278 0.063021 0.037963
1 0.532031 0.815278 0.060937 0.037963
1 0.880469 0.264352 0.060937 0.037963
1 0.543490 0.502315 0.060937 0.037963
1 0.576302 0.268056 0.063021 0.037963
1 0.358073 0.769907 0.020313 0.036111
1 0.287240 0.768056 0.063021 0.037963
2 0.315104 0.775000 0.016667 0.031481
2 0.330469 0.771759 0.023438 0.037963
5 0.726562 0.493981 0.041667 0.062037
5 0.641406 0.262963 0.033854 0.048148
5 0.428125 0.754630 0.027083 0.064815
5 0.773177 0.398611 0.032813 0.047222
5 0.708854 0.264815 0.030208 0.048148
5 0.914583 0.252315 0.044792 0.067593
