0 0.541782 0.500833 0.053528 0.109313
5 0.453125 0.222222 0.032292 0.042593
5 0.219792 0.222222 0.032292 0.042593
5 0.771354 0.214815 0.032292 0.042593
2 0.573438 0.460185 0.022917 0.038889
2 0.900000 0.874074 0.022917 0.038889
2 0.058333 0.625000 0.016667 0.031481
2 0.029167 0.633333 0.016667 0.031481
2 0.073438 0.666667 0.016667 0.031481
2 0.120313 0.589815 0.016667 0.031481
2 0.025521 0.650000 0.016667 0.031481
2 0.090104 0.790741 0.016667 0.031481
2 0.606510 0.338889 0.023438 0.040741
2 0.021354 0.666667 0.016667 0.031481
2 0.638542 0.510185 0.016667 0.031481
2 0.090625 0.757407 0.016667 0.031481
2 0.215885 0.808333 0.018229 0.031481
2 0.114583 0.598148 0.016667 0.031481
2 0.078906 0.812037 0.018229 0.031481
2 0.109635 0.613889 0.018229 0.031481
2 0.225781 0.802778 0.018229 0.031481
2 0.075781 0.781481 0.018229 0.031481
2 0.017448 0.611111 0.018229 0.031481
2 0.104948 0.631481 0.018229 0.031481
2 0.076042 0.570370 0.016667 0.031481
2 0.148177 0.494444 0.018229 0.031481
2 0.057031 0.645370 0.018229 0.031481
2 0.085677 0.772222 0.018229 0.031481
2 0.073958 0.798148 0.016667 0.031481
2 0.687500 0.294444 0.016667 0.031481
2 0.070833 0.851852 0.016667 0.031481
2 0.907292 0.209259 0.016667 0.031481
2 0.609896 0.449074 0.016667 0.031481
2 0.062500 0.824074 0.016667 0.031481
2 0.202083 0.800000 0.016667 0.031481
2 0.008333 0.638889 0.016667 0.031481
2 0.130729 0.528704 0.016667 0.031481
2 0.084896 0.819444 0.016667 0.031481
2 0.637500 0.389815 0.016667 0.031481
2 0.213542 0.747222 0.016667 0.031481
2 0.848698 0.974537 0.023438 0.037963
2 0.872656 0.538426 0.023438 0.037963
2 0.815885 0.973611 0.023438 0.037963
2 0.431510 0.568981 0.023438 0.037963
2 0.671094 0.611574 0.023438 0.037963
2 0.938281 0.553241 0.023438 0.037963
2 0.898177 0.575463 0.023438 0.037963
2 0.443490 0.581944 0.023438 0.037963
2 0.920052 0.127315 0.023438 0.037963
2 0.579427 0.633796 0.023438 0.037963
2 0.645573 0.636574 0.023438 0.037963
2 0.627865 0.642130 0.023438 0.037963
2 0.526302 0.624537 0.023438 0.037963
2 0.494010 0.606019 0.023438 0.037963
2 0.683073 0.613426 0.023438 0.037963
2 0.591927 0.628241 0.023438 0.037963
2 0.872135 0.418056 0.023438 0.037963
2 0.858594 0.391204 0.023438 0.037963
2 0.479427 0.593056 0.023438 0.037963
2 0.455469 0.381944 0.023438 0.037963
