0 0.500648 0.575002 0.038888 0.115642
5 0.540104 0.575000 0.030208 0.066667
2 0.706250 0.379630 0.016667 0.031481
2 0.618229 0.454630 0.016667 0.031481
2 0.669531 0.382407 0.018229 0.031481
2 0.496354 0.676852 0.016667 0.031481
2 0.232813 0.599074 0.016667 0.031481
2 0.101042 0.599074 0.016667 0.031481
2 0.957812 0.599074 0.016667 0.031481
2 0.685937 0.385185 0.016667 0.031481
2 0.639062 0.450926 0.016667 0.031481
2 0.757812 0.735185 0.016667 0.031481
2 0.671875 0.606481 0.016667 0.031481
2 0.035156 0.837500 0.023438 0.037963
2 0.848698 0.974537 0.023438 0.037963
2 0.773698 0.779167 0.023438 0.037963
2 0.815885 0.973611 0.023438 0.037963
2 0.520573 0.753241 0.023438 0.037963
2 0.761198 0.783796 0.023438 0.037963
2 0.046615 0.821759 0.023438 0.037963
2 0.021615 0.842130 0.023438 0.037963
2 0.508594 0.739352 0.023438 0.037963
2 0.786198 0.763426 0.023438 0.037963
