0 0.449361 0.501473 0.054025 0.113727
2 0.595052 0.523148 0.023438 0.038889
2 0.628385 0.147222 0.023438 0.038889
2 0.334635 0.418519 0.018229 0.031481
2 0.675260 0.753704 0.018229 0.031481
2 0.302083 0.451852 0.016667 0.031481
2 0.748437 0.685185 0.016667 0.031481
2 0.353125 0.606481 0.016667 0.031481
2 0.484896 0.606481 0.016667 0.031481
2 0.660417 0.691667 0.016667 0.031481
2 0.703125 0.748148 0.016667 0.031481
2 0.335417 0.452778 0.016667 0.031481
2 0.820833 0.737037 0.016667 0.031481
2 0.848698 0.974537 0.023438 0.037963
2 0.110156 0.839352 0.023438 0.037963
2 0.815885 0.973611 0.023438 0.037963
2 0.837240 0.780093 0.023438 0.037963
2 0.583594 0.755093 0.023438 0.037963
2 0.122135 0.823611 0.023438 0.037963
2 0.824219 0.784722 0.023438 0.037963
2 0.571094 0.740278 0.023438 0.037963
2 0.854427 0.752315 0.023438 0.037963
2 0.848698 0.764352 0.023438 0.037963
2 0.097135 0.842130 0.023438 0.037963
