0 0.504826 0.503620 0.058935 0.117395
2 0.333073 0.591667 0.023438 0.038889
2 0.697917 0.371296 0.016667 0.031481
2 0.434375 0.292593 0.016667 0.031481
2 0.434375 0.683333 0.016667 0.031481
2 0.697917 0.605556 0.016667 0.031481
2 0.302604 0.683333 0.016667 0.031481
2 0.302604 0.292593 0.016667 0.031481
2 0.104688 0.683333 0.016667 0.031481
2 0.309896 0.524074 0.016667 0.031481
2 0.667708 0.682407 0.016667 0.031481
2 0.343229 0.521296 0.016667 0.031481
2 0.807813 0.612037 0.016667 0.031481
2 0.660417 0.686111 0.016667 0.031481
2 0.808854 0.668519 0.016667 0.031481
2 0.848698 0.974537 0.023438 0.037963
2 0.094531 0.760648 0.023438 0.037963
2 0.815885 0.973611 0.023438 0.037963
2 0.824740 0.711574 0.023438 0.037963
2 0.811719 0.716204 0.023438 0.037963
2 0.571094 0.684722 0.023438 0.037963
2 0.106510 0.744907 0.023438 0.037963
2 0.082031 0.765278 0.023438 0.037963
2 0.836719 0.695833 0.023438 0.037963
1 0.216239 0.200834 0.044618 0.042305
1 0.307490 0.583427 0.064542 0.062570
1 0.134382 0.592431 0.062100 0.038038
1 0.974207 0.204853 0.051587 0.039663
