1 0.758073 0.039352 0.060937 0.037963
1 0.152865 0.504167 0.060937 0.037963
1 0.281250 0.502315 0.058333 0.037963
1 0.363281 0.506944 0.063021 0.037963
1 0.064583 0.806944 0.063542 0.037963
1 0.132552 0.811574 0.020313 0.036111
1 0.809896 0.814352 0.023958 0.036111
2 0.294792 0.691667 0.016667 0.031481
5 0.736979 0.494444 0.037500 0.061111
5 0.281510 0.263426 0.032813 0.050926
5 0.208073 0.258796 0.032813 0.050926
5 0.338802 0.397685 0.032813 0.047222
5 0.421615 0.156019 0.048438 0.084259
5 0.313542 0.360185 0.032292 0.042593
