0 0.533793 0.502856 0.038063 0.117386
5 0.574479 0.502778 0.030208 0.066667
5 0.598437 0.229630 0.032292 0.042593
2 0.652083 0.514352 0.021875 0.037963
2 0.642708 0.608333 0.016667 0.031481
2 0.697917 0.718519 0.016667 0.031481
2 0.558594 0.752778 0.018229 0.031481
2 0.743229 0.606481 0.016667 0.031481
2 0.940625 0.606481 0.016667 0.031481
2 0.018229 0.606481 0.016667 0.031481
2 0.281771 0.685185 0.016667 0.031481
2 0.665625 0.460185 0.016667 0.031481
2 0.589063 0.613889 0.016667 0.031481
2 0.680729 0.463889 0.016667 0.031481
2 0.673438 0.755556 0.016667 0.031481
2 0.660417 0.399074 0.016667 0.031481
2 0.703646 0.735185 0.016667 0.031481
2 0.848698 0.974537 0.023438 0.037963
2 0.815885 0.973611 0.023438 0.037963
2 0.720573 0.780093 0.023438 0.037963
2 0.467448 0.755093 0.023438 0.037963
2 0.708073 0.784722 0.023438 0.037963
2 0.455469 0.740278 0.023438 0.037963
2 0.732552 0.764352 0.023438 0.037963
2 0.827865 0.834722 0.023438 0.037963
1 0.690727 0.509927 0.070064 0.048318
