0 0.462968 0.497882 0.038546 0.114964
2 0.225260 0.818519 0.023438 0.038889
2 0.313542 0.346296 0.016667 0.031481
2 0.297917 0.352778 0.016667 0.031481
2 0.290104 0.322222 0.016667 0.031481
2 0.711198 0.735185 0.018229 0.031481
2 0.743490 0.734259 0.018229 0.031481
2 0.629427 0.729630 0.018229 0.031481
2 0.636198 0.735185 0.018229 0.031481
2 0.664323 0.737963 0.018229 0.031481
2 0.326562 0.519444 0.016667 0.031481
2 0.590104 0.597222 0.016667 0.031481
2 0.590104 0.831481 0.016667 0.031481
2 0.194792 0.519444 0.016667 0.031481
2 0.766146 0.525926 0.016667 0.031481
2 0.963542 0.526852 0.016667 0.031481
2 0.308854 0.317593 0.016667 0.031481
2 0.782292 0.718519 0.016667 0.031481
2 0.848698 0.974537 0.023438 0.037963
2 0.815885 0.973611 0.023438 0.037963
2 0.070052 0.807870 0.023438 0.037963
2 0.784115 0.766204 0.023438 0.037963
2 0.806510 0.746759 0.023438 0.037963
2 0.058073 0.821759 0.023438 0.037963
2 0.533594 0.722685 0.023438 0.037963
2 0.789844 0.829167 0.023438 0.037963
2 0.046615 0.821759 0.023438 0.037963
2 0.799740 0.434722 0.023438 0.037963
2 0.545573 0.735648 0.023438 0.037963
2 0.652344 0.766204 0.023438 0.037963
2 0.788281 0.432870 0.023438 0.037963
1 0.014565 0.821640 0.029130 0.034150
1 0.071821 0.430933 0.045059 0.038201
1 0.242335 0.430284 0.047946 0.037747
1 0.928488 0.429586 0.048100 0.036974
1 0.118196 0.427150 0.062948 0.038384
1 0.286987 0.431702 0.060676 0.038541
1 0.009471 0.427218 0.018942 0.034286
