0 0.576423 0.501828 0.033704 0.118330
2 0.601823 0.474074 0.023438 0.038889
2 0.539323 0.753704 0.018229 0.031481
2 0.667708 0.606481 0.016667 0.031481
2 0.865625 0.606481 0.016667 0.031481
2 0.206250 0.685185 0.016667 0.031481
2 0.579688 0.613889 0.016667 0.031481
2 0.623958 0.748148 0.016667 0.031481
2 0.514062 0.613889 0.016667 0.031481
2 0.597917 0.753704 0.016667 0.031481
2 0.684896 0.737037 0.016667 0.031481
2 0.848698 0.974537 0.023438 0.037963
2 0.815885 0.973611 0.023438 0.037963
2 0.701823 0.780093 0.023438 0.037963
2 0.447135 0.754167 0.023438 0.037963
2 0.688281 0.784722 0.023438 0.037963
2 0.712240 0.764352 0.023438 0.037963
2 0.435156 0.740278 0.023438 0.037963
