1 0.185677 0.505093 0.060937 0.037963
1 0.678646 0.031019 0.058333 0.037963
1 0.250781 0.506019 0.060937 0.037963
1 0.116927 0.817130 0.020313 0.036111
2 0.210938 0.194444 0.016667 0.031481
2 0.486719 0.815278 0.023438 0.037963
5 0.326302 0.490278 0.045312 0.062037
5 0.624740 0.493056 0.035937 0.063889
5 0.982812 0.269444 0.022917 0.042593
5 0.134635 0.262037 0.033854 0.048148
5 0.201823 0.264352 0.033854 0.045370
5 0.325781 0.206019 0.048438 0.084259
5 0.469010 0.489352 0.021354 0.045370
5 0.242969 0.489352 0.033854 0.045370
