0 0.553116 0.817159 0.037118 0.106995
2 0.791927 0.046296 0.023438 0.038889
2 0.697396 0.056481 0.016667 0.031481
2 0.900000 0.874074 0.022917 0.038889
2 0.948958 0.058333 0.016667 0.031481
2 0.925521 0.831481 0.022917 0.038889
2 0.590625 0.425000 0.016667 0.031481
2 0.769271 0.325000 0.016667 0.031481
2 0.556250 0.545370 0.016667 0.031481
2 0.125260 0.870370 0.018229 0.031481
2 0.874740 0.875926 0.018229 0.031481
2 0.135677 0.870370 0.018229 0.031481
2 0.504948 0.563889 0.018229 0.031481
2 0.487760 0.572222 0.018229 0.031481
2 0.668229 0.144444 0.016667 0.031481
2 0.010156 0.824074 0.018229 0.031481
2 0.227865 0.803704 0.018229 0.031481
2 0.115365 0.872222 0.018229 0.031481
2 0.448958 0.541667 0.016667 0.031481
2 0.557031 0.562037 0.018229 0.031481
2 0.931771 0.144444 0.016667 0.031481
2 0.514583 0.541667 0.016667 0.031481
2 0.068750 0.875926 0.016667 0.031481
2 0.459375 0.797222 0.016667 0.031481
2 0.508854 0.849074 0.016667 0.031481
2 0.496354 0.570370 0.016667 0.031481
2 0.615625 0.537963 0.016667 0.031481
2 0.258333 0.879630 0.016667 0.031481
2 0.867969 0.532870 0.023438 0.037963
2 0.848698 0.974537 0.023438 0.037963
2 0.633073 0.472685 0.023438 0.037963
2 0.815885 0.973611 0.023438 0.037963
2 0.965885 0.627315 0.023438 0.037963
2 0.869531 0.822685 0.023438 0.037963
2 0.454427 0.624537 0.023438 0.037963
2 0.659635 0.510648 0.023438 0.037963
2 0.977865 0.610648 0.023438 0.037963
1 0.168152 0.835282 0.018416 0.035332
1 0.744335 0.829005 0.012358 0.022712
1 0.278322 0.443746 0.059230 0.038912
