0 0.569401 0.504593 0.039150 0.111112
5 0.591927 0.500463 0.025521 0.060185
5 0.351042 0.215741 0.032292 0.042593
2 0.635677 0.512037 0.023438 0.038889
2 0.779687 0.514352 0.021875 0.037963
2 0.430208 0.117130 0.021875 0.037963
2 0.771875 0.134259 0.023958 0.038889
2 0.289062 0.119444 0.023958 0.038889
2 0.439844 0.667593 0.018229 0.031481
2 0.430990 0.667593 0.018229 0.031481
2 0.511979 0.606481 0.016667 0.031481
2 0.445833 0.215741 0.016667 0.031481
2 0.856250 0.412963 0.016667 0.031481
2 0.775521 0.606481 0.016667 0.031481
2 0.248438 0.215741 0.016667 0.031481
2 0.821875 0.411111 0.016667 0.031481
2 0.427083 0.613889 0.016667 0.031481
2 0.579688 0.651852 0.016667 0.031481
2 0.848698 0.974537 0.023438 0.037963
2 0.917969 0.743056 0.023438 0.037963
2 0.815885 0.973611 0.023438 0.037963
2 0.905469 0.743981 0.023438 0.037963
2 0.595573 0.693981 0.023438 0.037963
2 0.583073 0.697685 0.023438 0.037963
2 0.607552 0.678241 0.023438 0.037963
2 0.807552 0.760648 0.023438 0.037963
2 0.776302 0.715278 0.023438 0.037963
1 0.834088 0.510607 0.084276 0.048298
