0 0.544879 0.496656 0.047621 0.116764
5 0.580208 0.495833 0.029167 0.063889
5 0.613542 0.203704 0.032292 0.042593
5 0.427604 0.202778 0.032292 0.042593
2 0.554167 0.119907 0.021875 0.037963
2 0.734896 0.850926 0.016667 0.031481
2 0.755729 0.845370 0.016667 0.031481
2 0.804688 0.624074 0.016667 0.031481
2 0.726562 0.741667 0.016667 0.031481
2 0.718750 0.641667 0.016667 0.031481
2 0.732292 0.784259 0.016667 0.031481
2 0.776042 0.630556 0.016667 0.031481
2 0.867188 0.588889 0.016667 0.031481
2 0.772396 0.647222 0.016667 0.031481
2 0.736979 0.646296 0.016667 0.031481
2 0.820312 0.664815 0.016667 0.031481
2 0.861979 0.498148 0.016667 0.031481
2 0.768750 0.663889 0.016667 0.031481
2 0.855990 0.613889 0.018229 0.031481
2 0.825781 0.809259 0.018229 0.031481
2 0.822135 0.782407 0.018229 0.031481
2 0.825781 0.828704 0.018229 0.031481
2 0.822135 0.570370 0.018229 0.031481
2 0.741667 0.733333 0.016667 0.031481
2 0.852083 0.630556 0.016667 0.031481
2 0.820312 0.799074 0.016667 0.031481
2 0.335938 0.208333 0.016667 0.031481
2 0.665625 0.208333 0.016667 0.031481
2 0.599479 0.599074 0.016667 0.031481
2 0.533854 0.208333 0.016667 0.031481
2 0.204167 0.676852 0.016667 0.031481
2 0.753125 0.645370 0.016667 0.031481
2 0.836979 0.789815 0.016667 0.031481
2 0.808854 0.822222 0.016667 0.031481
2 0.929167 0.129630 0.016667 0.031481
2 0.815104 0.558333 0.016667 0.031481
2 0.848698 0.974537 0.023438 0.037963
2 0.815885 0.973611 0.023438 0.037963
2 0.624219 0.856019 0.023438 0.037963
2 0.590365 0.848611 0.023438 0.037963
2 0.064844 0.554167 0.023438 0.037963
2 0.052865 0.661574 0.023438 0.037963
2 0.021615 0.617130 0.023438 0.037963
2 0.903906 0.568981 0.023438 0.037963
2 0.621094 0.877315 0.023438 0.037963
2 0.064844 0.662500 0.023438 0.037963
1 0.188610 0.586500 0.037215 0.037009
1 0.333289 0.119072 0.045371 0.038073
1 0.481003 0.586147 0.065124 0.037153
1 0.222048 0.587823 0.062148 0.039358
