0 0.486619 0.494492 0.037802 0.121259
5 0.466667 0.496296 0.027083 0.064815
2 0.230729 0.825000 0.022917 0.038889
2 0.319792 0.424537 0.021875 0.037963
2 0.304688 0.425000 0.022917 0.038889
2 0.424740 0.371296 0.018229 0.031481
2 0.634635 0.735185 0.018229 0.031481
2 0.415104 0.342593 0.016667 0.031481
2 0.744010 0.735185 0.018229 0.031481
2 0.332292 0.522222 0.016667 0.031481
2 0.595833 0.600000 0.016667 0.031481
2 0.595833 0.834259 0.016667 0.031481
2 0.200521 0.522222 0.016667 0.031481
2 0.775521 0.528704 0.016667 0.031481
2 0.399479 0.340741 0.016667 0.031481
2 0.434375 0.340741 0.016667 0.031481
2 0.782813 0.718519 0.016667 0.031481
2 0.848698 0.974537 0.023438 0.037963
2 0.059635 0.821759 0.023438 0.037963
2 0.815885 0.973611 0.023438 0.037963
2 0.071615 0.806944 0.023438 0.037963
2 0.545573 0.735648 0.023438 0.037963
2 0.785156 0.767130 0.023438 0.037963
2 0.795573 0.831944 0.023438 0.037963
2 0.533594 0.721759 0.023438 0.037963
2 0.804948 0.753241 0.023438 0.037963
2 0.812240 0.741204 0.023438 0.037963
2 0.658073 0.768981 0.023438 0.037963
2 0.180990 0.431944 0.023438 0.037963
2 0.447135 0.511574 0.023438 0.037963
1 0.409025 0.426957 0.074139 0.045904
1 0.008675 0.819390 0.017351 0.033614
1 0.769356 0.428911 0.049834 0.037548
1 0.702306 0.426605 0.062767 0.037659
1 0.807512 0.431220 0.060687 0.037015
