0 0.535214 0.583388 0.039605 0.118609
5 0.203125 0.223148 0.032292 0.042593
2 0.863542 0.116667 0.022917 0.038889
2 0.769271 0.126852 0.016667 0.031481
2 0.899479 0.873148 0.022917 0.038889
2 0.925521 0.831481 0.022917 0.038889
2 0.059896 0.804630 0.016667 0.031481
2 0.048698 0.811111 0.018229 0.031481
2 0.813281 0.870370 0.018229 0.031481
2 0.299740 0.872222 0.018229 0.031481
2 0.035677 0.802778 0.018229 0.031481
2 0.046615 0.830556 0.018229 0.031481
2 0.045573 0.750000 0.018229 0.031481
2 0.740104 0.212037 0.016667 0.031481
2 0.540104 0.547222 0.016667 0.031481
2 0.534896 0.559259 0.016667 0.031481
2 0.529167 0.866667 0.016667 0.031481
2 0.915625 0.218519 0.016667 0.031481
2 0.037500 0.753704 0.016667 0.031481
2 0.652083 0.219444 0.016667 0.031481
2 0.529167 0.548148 0.016667 0.031481
2 0.686979 0.605556 0.016667 0.031481
2 0.566667 0.600000 0.016667 0.031481
2 0.536979 0.575926 0.016667 0.031481
2 0.848698 0.974537 0.023438 0.037963
2 0.707031 0.542130 0.023438 0.037963
2 0.891927 0.562500 0.023438 0.037963
2 0.815885 0.973611 0.023438 0.037963
2 0.839323 0.599537 0.023438 0.037963
2 0.979948 0.647685 0.023438 0.037963
2 0.889323 0.665278 0.023438 0.037963
2 0.730990 0.578241 0.023438 0.037963
2 0.494010 0.622685 0.023438 0.037963
2 0.867969 0.661574 0.023438 0.037963
2 0.960677 0.647685 0.023438 0.037963
2 0.636719 0.127315 0.023438 0.037963
2 0.583594 0.640278 0.023438 0.037963
2 0.897135 0.537500 0.023438 0.037963
2 0.810156 0.425463 0.023438 0.037963
2 0.822656 0.601389 0.023438 0.037963
2 0.362240 0.518981 0.023438 0.037963
2 0.935156 0.595833 0.023438 0.037963
