0 0.437488 0.468548 0.038631 0.090721
2 0.480469 0.504630 0.023438 0.038889
2 0.342708 0.500926 0.023958 0.038889
2 0.357292 0.495833 0.021875 0.037963
2 0.268490 0.889815 0.023438 0.038889
2 0.983854 0.200926 0.022917 0.038889
2 0.633333 0.666667 0.016667 0.031481
2 0.369792 0.587963 0.016667 0.031481
2 0.238021 0.588889 0.016667 0.031481
2 0.633854 0.887037 0.016667 0.031481
2 0.651563 0.749074 0.016667 0.031481
2 0.545833 0.673148 0.016667 0.031481
2 0.792188 0.732407 0.016667 0.031481
2 0.018229 0.594444 0.016667 0.031481
2 0.077865 0.835648 0.023438 0.037963
2 0.848698 0.974537 0.023438 0.037963
2 0.815885 0.973611 0.023438 0.037963
2 0.808594 0.776389 0.023438 0.037963
2 0.554948 0.750463 0.023438 0.037963
2 0.795573 0.781019 0.023438 0.037963
2 0.542969 0.736574 0.023438 0.037963
2 0.217969 0.498611 0.023438 0.037963
2 0.820573 0.760648 0.023438 0.037963
2 0.062760 0.839352 0.023438 0.037963
1 0.912234 0.498263 0.049847 0.038265
1 0.194008 0.496164 0.043340 0.039257
1 0.870650 0.497449 0.063094 0.037131
1 0.974330 0.497658 0.051339 0.035939
1 0.075509 0.494733 0.059564 0.037351
