0 0.510595 0.502068 0.041709 0.116521
2 0.341406 0.595370 0.018229 0.031481
2 0.305208 0.520370 0.016667 0.031481
2 0.697396 0.371296 0.016667 0.031481
2 0.434375 0.292593 0.016667 0.031481
2 0.283854 0.482407 0.016667 0.031481
2 0.320833 0.517593 0.016667 0.031481
2 0.434375 0.683333 0.016667 0.031481
2 0.697917 0.605556 0.016667 0.031481
2 0.302604 0.683333 0.016667 0.031481
2 0.290625 0.517593 0.016667 0.031481
2 0.302604 0.292593 0.016667 0.031481
2 0.104688 0.683333 0.016667 0.031481
2 0.807813 0.612037 0.016667 0.031481
2 0.660417 0.686111 0.016667 0.031481
2 0.848698 0.974537 0.023438 0.037963
2 0.095052 0.760648 0.023438 0.037963
2 0.815885 0.973611 0.023438 0.037963
2 0.824740 0.711574 0.023438 0.037963
2 0.811719 0.716204 0.023438 0.037963
2 0.571094 0.684722 0.023438 0.037963
2 0.106510 0.744907 0.023438 0.037963
2 0.082031 0.766204 0.023438 0.037963
1 0.971114 0.203022 0.054979 0.038383
1 0.218029 0.201254 0.048634 0.041764
1 0.920278 0.204288 0.063577 0.038461
1 0.330121 0.594868 0.057451 0.041235
1 0.434984 0.201116 0.060957 0.039232
1 0.854923 0.204532 0.063073 0.037331
1 0.015007 0.592774 0.030015 0.037686
1 0.373085 0.202202 0.064246 0.039253
1 0.401122 0.592606 0.063001 0.037294
