0 0.568607 0.508866 0.055527 0.110416
1 0.752918 0.620051 0.040395 0.068236
5 0.506510 0.231019 0.032813 0.050926
2 0.720833 0.466667 0.023958 0.038889
2 0.610938 0.504630 0.016667 0.031481
2 0.865104 0.517130 0.021875 0.037963
2 0.530729 0.125926 0.016667 0.031481
2 0.516146 0.120833 0.021875 0.037963
2 0.630990 0.514815 0.023438 0.038889
2 0.817708 0.149074 0.022917 0.038889
2 0.361458 0.218519 0.022917 0.038889
2 0.455469 0.667593 0.018229 0.031481
2 0.597396 0.605556 0.016667 0.031481
2 0.333854 0.214815 0.016667 0.031481
2 0.860938 0.605556 0.016667 0.031481
2 0.509896 0.612037 0.016667 0.031481
2 0.531771 0.208333 0.016667 0.031481
2 0.777083 0.611111 0.016667 0.031481
2 0.446354 0.659259 0.016667 0.031481
2 0.526563 0.671296 0.016667 0.031481
2 0.848698 0.974537 0.023438 0.037963
2 0.917969 0.743981 0.023438 0.037963
2 0.815885 0.973611 0.023438 0.037963
2 0.616927 0.694907 0.023438 0.037963
2 0.604427 0.698611 0.023438 0.037963
2 0.845052 0.653241 0.023438 0.037963
2 0.550260 0.717130 0.023438 0.037963
2 0.748698 0.728241 0.023438 0.037963
2 0.628906 0.678241 0.023438 0.037963
2 0.833073 0.760648 0.023438 0.037963
2 0.801823 0.715278 0.023438 0.037963
1 0.898242 0.514903 0.054935 0.038519
1 0.839032 0.511069 0.048403 0.039022
