0 0.473551 0.496197 0.037371 0.116350
2 0.231771 0.823148 0.023958 0.038889
2 0.319792 0.427315 0.021875 0.037963
2 0.634635 0.735185 0.018229 0.031481
2 0.595833 0.600000 0.016667 0.031481
2 0.332292 0.522222 0.016667 0.031481
2 0.595833 0.834259 0.016667 0.031481
2 0.200521 0.522222 0.016667 0.031481
2 0.775521 0.528704 0.016667 0.031481
2 0.782813 0.718519 0.016667 0.031481
2 0.848698 0.974537 0.023438 0.037963
2 0.052865 0.823611 0.023438 0.037963
2 0.815885 0.973611 0.023438 0.037963
2 0.071615 0.806944 0.023438 0.037963
2 0.545573 0.735648 0.023438 0.037963
2 0.785156 0.767130 0.023438 0.037963
2 0.795573 0.831944 0.023438 0.037963
2 0.533073 0.721759 0.023438 0.037963
2 0.804427 0.753241 0.023438 0.037963
2 0.658073 0.768981 0.023438 0.037963
2 0.812240 0.741204 0.023438 0.037963
1 0.282906 0.429661 0.064305 0.051120
1 0.705794 0.425791 0.060558 0.037957
1 0.069171 0.432282 0.058997 0.036583
1 0.022318 0.432911 0.044636 0.038321
1 0.761849 0.429874 0.063725 0.037742
