0 0.540970 0.423564 0.037053 0.117714
2 0.208594 0.683333 0.023438 0.038889
2 0.628385 0.704630 0.018229 0.031481
2 0.309896 0.381481 0.016667 0.031481
2 0.638802 0.706481 0.018229 0.031481
2 0.178125 0.381481 0.016667 0.031481
2 0.573438 0.459259 0.016667 0.031481
2 0.309896 0.772222 0.016667 0.031481
2 0.178125 0.772222 0.016667 0.031481
2 0.746094 0.703704 0.018229 0.031481
2 0.544792 0.385185 0.016667 0.031481
2 0.534375 0.386111 0.016667 0.031481
2 0.538542 0.397222 0.016667 0.031481
2 0.573438 0.684259 0.016667 0.031481
2 0.674479 0.707407 0.016667 0.031481
2 0.778125 0.697222 0.016667 0.031481
2 0.848698 0.974537 0.023438 0.037963
2 0.815885 0.973611 0.023438 0.037963
2 0.792448 0.731019 0.023438 0.037963
2 0.780469 0.735648 0.023438 0.037963
2 0.064323 0.772685 0.023438 0.037963
1 0.222467 0.291578 0.064335 0.038202
1 0.730562 0.292768 0.060231 0.037446
1 0.929981 0.287738 0.035613 0.037684
1 0.157195 0.288661 0.063942 0.038255
1 0.098686 0.290054 0.057906 0.039142
1 0.012636 0.680641 0.025272 0.041692
1 0.789648 0.292993 0.067695 0.037833
