0 0.513540 0.466317 0.039960 0.109206
5 0.192708 0.257407 0.032292 0.042593
5 0.852604 0.259259 0.032292 0.042593
5 0.259896 0.256481 0.032292 0.042593
5 0.061458 0.647222 0.032292 0.042593
2 0.523958 0.168519 0.022917 0.038889
2 0.056250 0.650000 0.016667 0.031481
2 0.651563 0.350000 0.016667 0.031481
2 0.697917 0.574074 0.016667 0.031481
2 0.697917 0.339815 0.016667 0.031481
2 0.434375 0.651852 0.016667 0.031481
2 0.434375 0.261111 0.016667 0.031481
2 0.302604 0.651852 0.016667 0.031481
2 0.302083 0.262037 0.016667 0.031481
2 0.343750 0.472222 0.016667 0.031481
2 0.104688 0.651852 0.016667 0.031481
2 0.318229 0.502778 0.016667 0.031481
2 0.660937 0.678704 0.016667 0.031481
2 0.352604 0.500926 0.016667 0.031481
2 0.807813 0.580556 0.016667 0.031481
2 0.980208 0.582407 0.016667 0.031481
2 0.848698 0.974537 0.023438 0.037963
2 0.095052 0.753241 0.023438 0.037963
2 0.815885 0.973611 0.023438 0.037963
2 0.825781 0.704167 0.023438 0.037963
2 0.571094 0.679167 0.023438 0.037963
2 0.811719 0.708796 0.023438 0.037963
2 0.106510 0.737500 0.023438 0.037963
