0 0.553310 0.495399 0.037726 0.117034
5 0.676042 0.126852 0.032292 0.042593
5 0.184375 0.246296 0.032292 0.042593
2 0.600260 0.517593 0.023438 0.038889
2 0.690365 0.507407 0.023438 0.038889
2 0.499479 0.123148 0.016667 0.031481
2 0.834375 0.513426 0.021875 0.037963
2 0.485417 0.118981 0.021875 0.037963
2 0.584896 0.501389 0.021875 0.037963
2 0.447656 0.667593 0.018229 0.031481
2 0.648698 0.442593 0.018229 0.031481
2 0.566667 0.605556 0.016667 0.031481
2 0.303125 0.214815 0.016667 0.031481
2 0.500521 0.214815 0.016667 0.031481
2 0.643229 0.412037 0.016667 0.031481
2 0.830208 0.605556 0.016667 0.031481
2 0.682813 0.445370 0.016667 0.031481
2 0.482292 0.611111 0.016667 0.031481
2 0.746354 0.612037 0.016667 0.031481
2 0.593229 0.651852 0.016667 0.031481
2 0.520833 0.670370 0.016667 0.031481
2 0.848698 0.974537 0.023438 0.037963
2 0.815885 0.973611 0.023438 0.037963
2 0.609115 0.693981 0.023438 0.037963
2 0.718490 0.730093 0.023438 0.037963
2 0.829948 0.651389 0.023438 0.037963
2 0.596615 0.698611 0.023438 0.037963
2 0.823698 0.760648 0.023438 0.037963
2 0.621094 0.678241 0.023438 0.037963
2 0.845573 0.646759 0.023438 0.037963
2 0.515885 0.723611 0.023438 0.037963
2 0.792448 0.715278 0.023438 0.037963
