0 0.549476 0.821802 0.038626 0.108838
5 0.732292 0.139815 0.032292 0.042593
2 0.672135 0.062037 0.018229 0.031481
2 0.767708 0.049074 0.023958 0.038889
2 0.914062 0.053704 0.016667 0.031481
2 0.922917 0.058333 0.016667 0.031481
2 0.598698 0.725926 0.018229 0.031481
2 0.494792 0.127778 0.022917 0.038889
2 0.900000 0.874074 0.022917 0.038889
2 0.925521 0.831481 0.022917 0.038889
2 0.761979 0.329630 0.016667 0.031481
2 0.531771 0.545370 0.016667 0.031481
2 0.100260 0.870370 0.018229 0.031481
2 0.111198 0.870370 0.018229 0.031481
2 0.850260 0.875926 0.018229 0.031481
2 0.466406 0.564815 0.018229 0.031481
2 0.709115 0.802778 0.018229 0.031481
2 0.870052 0.876852 0.018229 0.031481
2 0.532031 0.563889 0.018229 0.031481
2 0.643750 0.144444 0.016667 0.031481
2 0.480469 0.568519 0.018229 0.031481
2 0.203385 0.803704 0.018229 0.031481
2 0.906771 0.144444 0.016667 0.031481
2 0.427083 0.541667 0.016667 0.031481
2 0.043750 0.875926 0.016667 0.031481
2 0.432812 0.800000 0.016667 0.031481
2 0.493229 0.541667 0.016667 0.031481
2 0.483854 0.849074 0.016667 0.031481
2 0.808333 0.876852 0.016667 0.031481
2 0.477083 0.537963 0.016667 0.031481
2 0.465625 0.550000 0.016667 0.031481
2 0.897917 0.543519 0.016667 0.031481
2 0.608594 0.472685 0.023438 0.037963
2 0.848698 0.974537 0.023438 0.037963
2 0.382031 0.570833 0.023438 0.037963
2 0.815885 0.973611 0.023438 0.037963
2 0.959115 0.626389 0.023438 0.037963
2 0.777344 0.535648 0.023438 0.037963
2 0.634635 0.509722 0.023438 0.037963
2 0.844531 0.822685 0.023438 0.037963
2 0.815365 0.600463 0.023438 0.037963
2 0.945573 0.631944 0.023438 0.037963
2 0.970573 0.610648 0.023438 0.037963
2 0.576302 0.620833 0.023438 0.037963
2 0.847135 0.645833 0.023438 0.037963
1 0.672082 0.829434 0.015357 0.028251
