0 0.507828 0.502999 0.063122 0.114916
2 0.216667 0.591204 0.021875 0.037963
2 0.184375 0.587963 0.022917 0.038889
2 0.198958 0.588426 0.021875 0.037963
2 0.247396 0.591204 0.021875 0.037963
2 0.503385 0.887963 0.018229 0.031481
2 0.358594 0.888889 0.018229 0.031481
2 0.470573 0.887963 0.018229 0.031481
2 0.372135 0.887963 0.018229 0.031481
2 0.461198 0.887963 0.018229 0.031481
2 0.438281 0.887963 0.018229 0.031481
2 0.480990 0.887963 0.018229 0.031481
2 0.450260 0.887963 0.018229 0.031481
2 0.409635 0.887963 0.018229 0.031481
2 0.400260 0.887963 0.018229 0.031481
2 0.423177 0.887963 0.018229 0.031481
2 0.492448 0.887963 0.018229 0.031481
2 0.389844 0.887963 0.018229 0.031481
2 0.266927 0.884259 0.018229 0.031481
2 0.184635 0.886111 0.018229 0.031481
2 0.304688 0.887963 0.016667 0.031481
2 0.275000 0.887963 0.016667 0.031481
2 0.256771 0.887963 0.016667 0.031481
2 0.220312 0.887963 0.016667 0.031481
2 0.329688 0.884259 0.016667 0.031481
2 0.133854 0.888889 0.016667 0.031481
2 0.284375 0.887963 0.016667 0.031481
2 0.368229 0.680556 0.016667 0.031481
2 0.848698 0.974537 0.023438 0.037963
2 0.815885 0.973611 0.023438 0.037963
2 0.494531 0.711574 0.023438 0.037963
2 0.804427 0.748611 0.023438 0.037963
2 0.481510 0.716204 0.023438 0.037963
2 0.696615 0.670833 0.023438 0.037963
2 0.506510 0.695833 0.023438 0.037963
2 0.653906 0.734722 0.023438 0.037963
