0 0.538157 0.501909 0.039814 0.113072
5 0.735938 0.224074 0.032292 0.042593
2 0.713542 0.412037 0.016667 0.031481
2 0.742969 0.434259 0.018229 0.031481
2 0.509635 0.752778 0.018229 0.031481
2 0.537500 0.606481 0.016667 0.031481
2 0.449479 0.612963 0.016667 0.031481
2 0.734896 0.606481 0.016667 0.031481
2 0.076042 0.685185 0.016667 0.031481
2 0.733333 0.405556 0.016667 0.031481
2 0.627604 0.746296 0.016667 0.031481
2 0.581250 0.613889 0.016667 0.031481
2 0.647396 0.612963 0.016667 0.031481
2 0.652604 0.737037 0.016667 0.031481
2 0.602604 0.752778 0.016667 0.031481
2 0.848698 0.974537 0.023438 0.037963
2 0.668490 0.780093 0.023438 0.037963
2 0.815885 0.973611 0.023438 0.037963
2 0.415365 0.755093 0.023438 0.037963
2 0.603385 0.812500 0.023438 0.037963
2 0.655990 0.784722 0.023438 0.037963
2 0.403385 0.740278 0.023438 0.037963
2 0.905990 0.749537 0.023438 0.037963
2 0.680469 0.764352 0.023438 0.037963
2 0.863281 0.813426 0.023438 0.037963
