0 0.495869 0.573887 0.052044 0.113528
5 0.456250 0.222222 0.032292 0.042593
5 0.222917 0.222222 0.032292 0.042593
2 0.961458 0.119444 0.016667 0.031481
2 0.656771 0.503704 0.016667 0.031481
2 0.900000 0.874074 0.022917 0.038889
2 0.642708 0.502315 0.021875 0.037963
2 0.083854 0.620370 0.016667 0.031481
2 0.010937 0.780556 0.016667 0.031481
2 0.055208 0.625926 0.016667 0.031481
2 0.146354 0.585185 0.016667 0.031481
2 0.098958 0.661111 0.016667 0.031481
2 0.051562 0.642593 0.016667 0.031481
2 0.115625 0.786111 0.016667 0.031481
2 0.015625 0.643519 0.016667 0.031481
2 0.032813 0.637963 0.016667 0.031481
2 0.605729 0.388889 0.016667 0.031481
2 0.047396 0.660185 0.016667 0.031481
2 0.241406 0.803704 0.018229 0.031481
2 0.104948 0.804630 0.018229 0.031481
2 0.135156 0.609259 0.018229 0.031481
2 0.251302 0.798148 0.018229 0.031481
2 0.104948 0.821296 0.018229 0.031481
2 0.101302 0.775926 0.018229 0.031481
2 0.575781 0.422222 0.018229 0.031481
2 0.042969 0.605556 0.018229 0.031481
2 0.130469 0.625926 0.018229 0.031481
2 0.101562 0.565741 0.016667 0.031481
2 0.020833 0.729630 0.016667 0.031481
2 0.098958 0.797222 0.016667 0.031481
2 0.207813 0.125926 0.016667 0.031481
2 0.611458 0.429630 0.016667 0.031481
2 0.088021 0.817593 0.016667 0.031481
2 0.932813 0.203704 0.016667 0.031481
2 0.008333 0.750926 0.016667 0.031481
2 0.897656 0.532870 0.023438 0.037963
2 0.848698 0.974537 0.023438 0.037963
2 0.697135 0.607870 0.023438 0.037963
2 0.815885 0.973611 0.023438 0.037963
2 0.467969 0.606944 0.023438 0.037963
2 0.898698 0.400463 0.023438 0.037963
2 0.946094 0.550463 0.023438 0.037963
2 0.605469 0.632870 0.023438 0.037963
2 0.560156 0.637500 0.023438 0.037963
2 0.501302 0.305093 0.023438 0.037963
2 0.923177 0.573611 0.023438 0.037963
2 0.960156 0.673611 0.023438 0.037963
2 0.625781 0.637500 0.023438 0.037963
2 0.871615 0.420833 0.023438 0.037963
2 0.890885 0.431944 0.023438 0.037963
2 0.455469 0.590278 0.023438 0.037963
2 0.882552 0.515278 0.023438 0.037963
2 0.588802 0.631019 0.023438 0.037963
2 0.645052 0.636574 0.023438 0.037963
2 0.252865 0.831019 0.023438 0.037963
2 0.699219 0.367130 0.023438 0.037963
2 0.960156 0.554167 0.023438 0.037963
1 0.611635 0.503873 0.049002 0.038346
1 0.022376 0.847912 0.019602 0.034987
1 0.827813 0.498014 0.032167 0.037048
1 0.954244 0.585751 0.061017 0.038145
1 0.714981 0.499527 0.061609 0.037952
1 0.883514 0.114201 0.061218 0.040174
