0 0.424878 0.547950 0.038900 0.119565
2 0.628906 0.556481 0.023438 0.038889
2 0.423958 0.170833 0.021875 0.037963
2 0.772135 0.149074 0.023438 0.038889
2 0.305208 0.169444 0.022917 0.038889
2 0.785937 0.568519 0.016667 0.031481
2 0.484115 0.679630 0.018229 0.031481
2 0.241667 0.263889 0.016667 0.031481
2 0.505208 0.654630 0.016667 0.031481
2 0.768750 0.654630 0.016667 0.031481
2 0.439063 0.263889 0.016667 0.031481
2 0.417187 0.661111 0.016667 0.031481
2 0.561979 0.663889 0.016667 0.031481
2 0.463021 0.675926 0.016667 0.031481
2 0.356250 0.646296 0.016667 0.031481
2 0.517188 0.689815 0.016667 0.031481
2 0.584375 0.668519 0.016667 0.031481
2 0.848698 0.974537 0.023438 0.037963
2 0.815885 0.973611 0.023438 0.037963
2 0.594531 0.706019 0.023438 0.037963
2 0.905469 0.761574 0.023438 0.037963
2 0.638802 0.748611 0.023438 0.037963
2 0.805990 0.773611 0.023438 0.037963
2 0.774740 0.728241 0.023438 0.037963
