0 0.492935 0.570351 0.038109 0.116587
5 0.514583 0.570370 0.030208 0.066667
5 0.456250 0.222222 0.032292 0.042593
5 0.222917 0.222222 0.032292 0.042593
2 0.961719 0.114815 0.018229 0.031481
2 0.607812 0.503704 0.022917 0.038889
2 0.642708 0.501389 0.021875 0.037963
2 0.013542 0.845370 0.016667 0.031481
2 0.900000 0.874074 0.022917 0.038889
2 0.034375 0.840741 0.016667 0.031481
2 0.083854 0.618519 0.016667 0.031481
2 0.010937 0.778704 0.016667 0.031481
2 0.054688 0.626852 0.016667 0.031481
2 0.145833 0.583333 0.016667 0.031481
2 0.098958 0.660185 0.016667 0.031481
2 0.051042 0.643519 0.016667 0.031481
2 0.115625 0.784259 0.016667 0.031481
2 0.015625 0.641667 0.016667 0.031481
2 0.033333 0.635185 0.016667 0.031481
2 0.047396 0.660185 0.016667 0.031481
2 0.241406 0.801852 0.018229 0.031481
2 0.104948 0.802778 0.018229 0.031481
2 0.135156 0.607407 0.018229 0.031481
2 0.251302 0.796296 0.018229 0.031481
2 0.104948 0.819444 0.018229 0.031481
2 0.101302 0.777778 0.018229 0.031481
2 0.042969 0.604630 0.018229 0.031481
2 0.130469 0.625000 0.018229 0.031481
2 0.101562 0.564815 0.016667 0.031481
2 0.020833 0.727778 0.016667 0.031481
2 0.596354 0.392593 0.016667 0.031481
2 0.568750 0.425000 0.016667 0.031481
2 0.207813 0.125000 0.016667 0.031481
2 0.088021 0.815741 0.016667 0.031481
2 0.932813 0.202778 0.016667 0.031481
2 0.898177 0.531944 0.023438 0.037963
2 0.848698 0.974537 0.023438 0.037963
2 0.696615 0.608796 0.023438 0.037963
2 0.815885 0.973611 0.023438 0.037963
2 0.924219 0.568981 0.023438 0.037963
2 0.898698 0.400463 0.023438 0.037963
2 0.946094 0.551389 0.023438 0.037963
2 0.560156 0.637500 0.023438 0.037963
2 0.501302 0.304167 0.023438 0.037963
2 0.604948 0.632870 0.023438 0.037963
2 0.625781 0.635648 0.023438 0.037963
2 0.456510 0.582870 0.023438 0.037963
2 0.960156 0.672685 0.023438 0.037963
2 0.645052 0.635648 0.023438 0.037963
2 0.871615 0.418981 0.023438 0.037963
2 0.594531 0.629167 0.023438 0.037963
2 0.890885 0.431019 0.023438 0.037963
2 0.252865 0.830093 0.023438 0.037963
