0 0.523435 0.410287 0.038368 0.113135
5 0.038021 0.242593 0.032292 0.042593
5 0.505208 0.242593 0.032292 0.042593
2 0.900000 0.874074 0.022917 0.038889
2 0.635938 0.887037 0.016667 0.031481
2 0.653646 0.236111 0.016667 0.031481
2 0.632812 0.827778 0.016667 0.031481
2 0.665885 0.822222 0.018229 0.031481
2 0.436458 0.537037 0.016667 0.031481
2 0.700000 0.225000 0.016667 0.031481
2 0.436458 0.146296 0.016667 0.031481
2 0.700000 0.459259 0.016667 0.031481
2 0.106771 0.537963 0.016667 0.031481
2 0.304688 0.537963 0.016667 0.031481
2 0.304688 0.146296 0.016667 0.031481
2 0.647917 0.857407 0.016667 0.031481
2 0.609375 0.828704 0.016667 0.031481
2 0.848698 0.974537 0.023438 0.037963
2 0.095573 0.726389 0.023438 0.037963
2 0.815885 0.973611 0.023438 0.037963
2 0.825260 0.680093 0.023438 0.037963
2 0.571094 0.654167 0.023438 0.037963
2 0.811719 0.684722 0.023438 0.037963
2 0.082552 0.730093 0.023438 0.037963
2 0.972656 0.710648 0.023438 0.037963
1 0.325593 0.446164 0.038176 0.037116
1 0.439253 0.446843 0.060726 0.038146
1 0.224700 0.056451 0.059473 0.043205
1 0.364331 0.445063 0.063528 0.037747
1 0.050443 0.447766 0.058972 0.038307
