0 0.499659 0.577018 0.039179 0.116076
5 0.540104 0.577778 0.030208 0.066667
2 0.622135 0.512037 0.018229 0.031481
2 0.631250 0.514815 0.016667 0.031481
2 0.496354 0.679630 0.016667 0.031481
2 0.232813 0.600926 0.016667 0.031481
2 0.101042 0.600926 0.016667 0.031481
2 0.957812 0.600926 0.016667 0.031481
2 0.671875 0.608333 0.016667 0.031481
2 0.757812 0.735185 0.016667 0.031481
2 0.848698 0.974537 0.023438 0.037963
2 0.035156 0.837500 0.023438 0.037963
2 0.815885 0.973611 0.023438 0.037963
2 0.773698 0.779167 0.023438 0.037963
2 0.520573 0.753241 0.023438 0.037963
2 0.761198 0.783796 0.023438 0.037963
2 0.046615 0.821759 0.023438 0.037963
2 0.508594 0.739352 0.023438 0.037963
2 0.022135 0.842130 0.023438 0.037963
2 0.786198 0.763426 0.023438 0.037963
