1 0.646615 0.030093 0.060937 0.037963
1 0.115104 0.498611 0.063542 0.037963
1 0.220052 0.506944 0.060937 0.037963
1 0.466667 0.817130 0.022917 0.036111
1 0.922135 0.033796 0.060937 0.037963
1 0.872396 0.036574 0.058333 0.037963
1 0.171615 0.814352 0.020313 0.036111
5 0.590885 0.492593 0.034896 0.064815
5 0.950260 0.269444 0.020313 0.042593
5 0.267448 0.396759 0.032813 0.047222
5 0.261979 0.261574 0.032292 0.049074
5 0.322135 0.222685 0.048438 0.084259
5 0.193229 0.258796 0.032292 0.049074
5 0.221354 0.119444 0.032292 0.042593
