0 0.481481 0.536599 0.057060 0.110203
2 0.231771 0.861111 0.023958 0.038889
2 0.304948 0.466667 0.023438 0.038889
2 0.319792 0.465278 0.021875 0.037963
2 0.979427 0.199074 0.023438 0.038889
2 0.434115 0.408333 0.018229 0.031481
2 0.408333 0.380556 0.016667 0.031481
2 0.595833 0.637963 0.016667 0.031481
2 0.595833 0.872222 0.016667 0.031481
2 0.332292 0.560185 0.016667 0.031481
2 0.200521 0.560185 0.016667 0.031481
2 0.775000 0.565741 0.016667 0.031481
2 0.641667 0.740741 0.016667 0.031481
2 0.400000 0.407407 0.016667 0.031481
2 0.414583 0.411111 0.016667 0.031481
2 0.618229 0.746296 0.016667 0.031481
2 0.782813 0.726852 0.016667 0.031481
2 0.848698 0.974537 0.023438 0.037963
2 0.065365 0.827315 0.023438 0.037963
2 0.798698 0.769907 0.023438 0.037963
2 0.815885 0.973611 0.023438 0.037963
2 0.545573 0.743981 0.023438 0.037963
2 0.795573 0.869907 0.023438 0.037963
2 0.076302 0.811574 0.023438 0.037963
2 0.786198 0.774537 0.023438 0.037963
2 0.051823 0.831019 0.023438 0.037963
2 0.533594 0.730093 0.023438 0.037963
2 0.810677 0.754167 0.023438 0.037963
2 0.758073 0.790278 0.023438 0.037963
2 0.635156 0.793056 0.023438 0.037963
