0 0.519890 0.494520 0.038392 0.122790
5 0.498958 0.500000 0.030208 0.066667
2 0.521875 0.122685 0.021875 0.037963
2 0.854688 0.214815 0.023958 0.038889
2 0.702604 0.853704 0.016667 0.031481
2 0.723437 0.848148 0.016667 0.031481
2 0.900000 0.874074 0.022917 0.038889
2 0.694792 0.743519 0.016667 0.031481
2 0.814583 0.578704 0.016667 0.031481
2 0.782292 0.561111 0.016667 0.031481
2 0.700000 0.787037 0.016667 0.031481
2 0.686458 0.644444 0.016667 0.031481
2 0.772396 0.625926 0.016667 0.031481
2 0.834896 0.591667 0.016667 0.031481
2 0.743229 0.636111 0.016667 0.031481
2 0.788021 0.667593 0.016667 0.031481
2 0.804688 0.792593 0.016667 0.031481
2 0.739583 0.652778 0.016667 0.031481
2 0.704688 0.649074 0.016667 0.031481
2 0.793490 0.811111 0.018229 0.031481
2 0.824219 0.613889 0.018229 0.031481
2 0.789844 0.783333 0.018229 0.031481
2 0.793490 0.830556 0.018229 0.031481
2 0.732031 0.612037 0.018229 0.031481
2 0.790625 0.572222 0.016667 0.031481
2 0.709375 0.736111 0.016667 0.031481
2 0.821354 0.627778 0.016667 0.031481
2 0.788021 0.801852 0.016667 0.031481
2 0.633333 0.211111 0.016667 0.031481
2 0.501563 0.211111 0.016667 0.031481
2 0.567187 0.601852 0.016667 0.031481
2 0.721875 0.643519 0.016667 0.031481
2 0.171875 0.679630 0.016667 0.031481
2 0.896875 0.132407 0.016667 0.031481
2 0.777083 0.824074 0.016667 0.031481
2 0.781250 0.577778 0.016667 0.031481
2 0.829688 0.501852 0.016667 0.031481
2 0.848698 0.974537 0.023438 0.037963
2 0.591927 0.858796 0.023438 0.037963
2 0.815885 0.973611 0.023438 0.037963
2 0.874219 0.606944 0.023438 0.037963
2 0.558073 0.851389 0.023438 0.037963
2 0.011719 0.616204 0.023438 0.037963
2 0.042969 0.661574 0.023438 0.037963
2 0.886198 0.591204 0.023438 0.037963
2 0.588802 0.880093 0.023438 0.037963
2 0.463802 0.598611 0.023438 0.037963
2 0.101302 0.663426 0.023438 0.037963
2 0.116406 0.573611 0.023438 0.037963
2 0.055469 0.662500 0.023438 0.037963
1 0.230917 0.119973 0.043118 0.038970
1 0.444347 0.588065 0.067629 0.038945
