0 0.504295 0.571200 0.038298 0.115209
5 0.534635 0.571759 0.025521 0.071296
5 0.318229 0.204630 0.032292 0.042593
5 0.433854 0.247222 0.032292 0.042593
5 0.518229 0.206481 0.032292 0.042593
2 0.704688 0.508333 0.016667 0.031481
2 0.622917 0.115741 0.016667 0.031481
2 0.608333 0.110648 0.021875 0.037963
2 0.957292 0.505093 0.021875 0.037963
2 0.723177 0.510185 0.023438 0.038889
2 0.845313 0.148148 0.022917 0.038889
2 0.844792 0.436111 0.016667 0.031481
2 0.864583 0.431481 0.016667 0.031481
2 0.853125 0.400000 0.016667 0.031481
2 0.585677 0.663889 0.018229 0.031481
2 0.689583 0.598148 0.016667 0.031481
2 0.426042 0.207407 0.016667 0.031481
2 0.872917 0.392593 0.016667 0.031481
2 0.953125 0.597222 0.016667 0.031481
2 0.830208 0.433333 0.016667 0.031481
2 0.623958 0.206481 0.016667 0.031481
2 0.601562 0.604630 0.016667 0.031481
2 0.532292 0.675926 0.016667 0.031481
2 0.837500 0.395370 0.016667 0.031481
2 0.621354 0.649074 0.016667 0.031481
2 0.622396 0.887963 0.016667 0.031481
2 0.865104 0.604630 0.016667 0.031481
2 0.409896 0.557407 0.016667 0.031481
2 0.848698 0.974537 0.023438 0.037963
2 0.644531 0.688426 0.023438 0.037963
2 0.815885 0.973611 0.023438 0.037963
2 0.917969 0.761574 0.023438 0.037963
2 0.387240 0.667130 0.023438 0.037963
2 0.872656 0.651389 0.023438 0.037963
2 0.652344 0.677315 0.023438 0.037963
2 0.375260 0.653241 0.023438 0.037963
2 0.822135 0.740278 0.023438 0.037963
2 0.860677 0.759722 0.023438 0.037963
2 0.838802 0.747685 0.023438 0.037963
