0 0.577196 0.444307 0.040469 0.119105
5 0.547917 0.532407 0.027083 0.064815
5 0.205729 0.317593 0.032292 0.042593
5 0.498437 0.252778 0.032292 0.042593
2 0.287500 0.625926 0.016667 0.031481
2 0.979167 0.468519 0.016667 0.031481
2 0.791667 0.670370 0.016667 0.031481
2 0.647656 0.690741 0.018229 0.031481
2 0.643750 0.400926 0.016667 0.031481
2 0.380208 0.322222 0.016667 0.031481
2 0.643750 0.635185 0.016667 0.031481
2 0.248438 0.323148 0.016667 0.031481
2 0.380208 0.712963 0.016667 0.031481
2 0.248438 0.712963 0.016667 0.031481
2 0.050521 0.712963 0.016667 0.031481
2 0.753646 0.641667 0.016667 0.031481
2 0.848698 0.974537 0.023438 0.037963
2 0.815885 0.973611 0.023438 0.037963
2 0.075781 0.768981 0.023438 0.037963
2 0.810156 0.718056 0.023438 0.037963
2 0.556510 0.692130 0.023438 0.037963
2 0.797135 0.722685 0.023438 0.037963
2 0.544010 0.677315 0.023438 0.037963
2 0.821615 0.702315 0.023438 0.037963
2 0.065365 0.772685 0.023438 0.037963
1 0.220342 0.230508 0.049553 0.040863
1 0.012951 0.623044 0.025901 0.042012
1 0.989416 0.230562 0.021169 0.037137
1 0.249894 0.232911 0.043759 0.038962
1 0.354960 0.227600 0.064988 0.038780
1 0.096494 0.232873 0.064417 0.037219
1 0.290126 0.232458 0.060303 0.038282
