0 0.461756 0.464929 0.037785 0.120162
5 0.880990 0.192130 0.032813 0.047222
2 0.201563 0.799074 0.023958 0.038889
2 0.728646 0.493519 0.016667 0.031481
2 0.620052 0.725926 0.018229 0.031481
2 0.302604 0.882407 0.016667 0.031481
2 0.566146 0.570370 0.016667 0.031481
2 0.749740 0.723148 0.018229 0.031481
2 0.633594 0.712037 0.018229 0.031481
2 0.302604 0.491667 0.016667 0.031481
2 0.566146 0.804630 0.016667 0.031481
2 0.170833 0.882407 0.016667 0.031481
2 0.170833 0.491667 0.016667 0.031481
2 0.744792 0.499074 0.016667 0.031481
2 0.776042 0.710185 0.016667 0.031481
2 0.848698 0.974537 0.023438 0.037963
2 0.815885 0.973611 0.023438 0.037963
2 0.013802 0.745833 0.023438 0.037963
2 0.765365 0.802315 0.023438 0.037963
2 0.063281 0.795833 0.023438 0.037963
2 0.740885 0.783796 0.023438 0.037963
2 0.628385 0.738426 0.023438 0.037963
2 0.616406 0.767130 0.023438 0.037963
2 0.522656 0.707870 0.023438 0.037963
2 0.875260 0.803241 0.023438 0.037963
2 0.612240 0.784722 0.023438 0.037963
2 0.627865 0.782870 0.023438 0.037963
2 0.811719 0.717130 0.023438 0.037963
