0 0.554196 0.493089 0.039721 0.118705
5 0.218229 0.223148 0.032292 0.042593
2 0.614583 0.513889 0.016667 0.031481
2 0.919271 0.125926 0.016667 0.031481
2 0.636979 0.513426 0.021875 0.037963
2 0.600000 0.511574 0.021875 0.037963
2 0.621354 0.434259 0.016667 0.031481
2 0.041146 0.628704 0.016667 0.031481
2 0.012500 0.636111 0.016667 0.031481
2 0.103646 0.594444 0.016667 0.031481
2 0.056771 0.670370 0.016667 0.031481
2 0.008854 0.652778 0.016667 0.031481
2 0.073438 0.795370 0.016667 0.031481
2 0.836458 0.352778 0.016667 0.031481
2 0.073438 0.762037 0.016667 0.031481
2 0.057292 0.785185 0.016667 0.031481
2 0.056771 0.807407 0.016667 0.031481
2 0.198698 0.812037 0.018229 0.031481
2 0.092969 0.616667 0.018229 0.031481
2 0.209115 0.806481 0.018229 0.031481
2 0.062240 0.829630 0.018229 0.031481
2 0.585938 0.432407 0.016667 0.031481
2 0.087240 0.637037 0.018229 0.031481
2 0.601823 0.439815 0.018229 0.031481
2 0.059375 0.575000 0.016667 0.031481
2 0.067448 0.811111 0.018229 0.031481
2 0.039844 0.650000 0.018229 0.031481
2 0.890104 0.213889 0.016667 0.031481
2 0.045312 0.825926 0.016667 0.031481
2 0.184896 0.804630 0.016667 0.031481
2 0.113542 0.534259 0.016667 0.031481
2 0.616146 0.392593 0.016667 0.031481
2 0.196875 0.750000 0.016667 0.031481
2 0.674479 0.298148 0.016667 0.031481
2 0.067187 0.786111 0.016667 0.031481
2 0.169531 0.857870 0.023438 0.037963
2 0.848698 0.974537 0.023438 0.037963
2 0.855469 0.542130 0.023438 0.037963
2 0.815885 0.973611 0.023438 0.037963
2 0.881510 0.579167 0.023438 0.037963
2 0.933073 0.553241 0.023438 0.037963
2 0.437760 0.581944 0.023438 0.037963
2 0.425781 0.568056 0.023438 0.037963
2 0.546615 0.640278 0.023438 0.037963
2 0.644010 0.626389 0.023438 0.037963
2 0.562760 0.641204 0.023438 0.037963
2 0.577865 0.631944 0.023438 0.037963
2 0.476823 0.609722 0.023438 0.037963
2 0.628906 0.641204 0.023438 0.037963
2 0.398698 0.523611 0.023438 0.037963
1 0.874143 0.890259 0.016244 0.020833
1 0.096757 0.862054 0.020980 0.034656
1 0.933625 0.586898 0.061892 0.039696
