0 0.500733 0.534671 0.039747 0.120420
5 0.275000 0.241667 0.032292 0.042593
2 0.578125 0.542593 0.022917 0.038889
2 0.725000 0.551852 0.016667 0.031481
2 0.387500 0.152778 0.016667 0.031481
2 0.373437 0.148611 0.021875 0.037963
2 0.420052 0.675926 0.018229 0.031481
2 0.467448 0.675926 0.018229 0.031481
2 0.733854 0.548148 0.016667 0.031481
2 0.429427 0.678704 0.018229 0.031481
2 0.530990 0.673148 0.018229 0.031481
2 0.388542 0.247222 0.016667 0.031481
2 0.454688 0.637963 0.016667 0.031481
2 0.718229 0.637963 0.016667 0.031481
2 0.191146 0.247222 0.016667 0.031481
2 0.480729 0.675926 0.016667 0.031481
2 0.444271 0.680556 0.016667 0.031481
2 0.366667 0.644444 0.016667 0.031481
2 0.848698 0.974537 0.023438 0.037963
2 0.801823 0.659722 0.023438 0.037963
2 0.815885 0.973611 0.023438 0.037963
2 0.317969 0.664352 0.023438 0.037963
2 0.568490 0.706944 0.023438 0.037963
2 0.332031 0.679167 0.023438 0.037963
2 0.790365 0.768981 0.023438 0.037963
