0 0.543235 0.610039 0.041115 0.123762
5 0.580729 0.504630 0.027083 0.066667
2 0.679167 0.513426 0.021875 0.037963
2 0.845833 0.230556 0.023958 0.038889
2 0.587500 0.604630 0.016667 0.031481
2 0.560677 0.754630 0.018229 0.031481
2 0.499219 0.752778 0.018229 0.031481
2 0.694792 0.606481 0.016667 0.031481
2 0.496875 0.606481 0.016667 0.031481
2 0.035937 0.684259 0.016667 0.031481
2 0.606771 0.612963 0.016667 0.031481
2 0.642708 0.737963 0.016667 0.031481
2 0.848698 0.974537 0.023438 0.037963
2 0.815885 0.973611 0.023438 0.037963
2 0.659115 0.780093 0.023438 0.037963
2 0.404948 0.755093 0.023438 0.037963
2 0.645573 0.784722 0.023438 0.037963
2 0.893490 0.749537 0.023438 0.037963
2 0.392969 0.740278 0.023438 0.037963
2 0.670052 0.764352 0.023438 0.037963
2 0.428385 0.804167 0.023438 0.037963
