0 0.479276 0.495547 0.041419 0.118761
2 0.231510 0.823148 0.023438 0.038889
2 0.304948 0.431481 0.023438 0.038889
2 0.319792 0.430093 0.021875 0.037963
2 0.634635 0.735185 0.018229 0.031481
2 0.595833 0.600000 0.016667 0.031481
2 0.595833 0.834259 0.016667 0.031481
2 0.332292 0.522222 0.016667 0.031481
2 0.200521 0.522222 0.016667 0.031481
2 0.775521 0.528704 0.016667 0.031481
2 0.782813 0.718519 0.016667 0.031481
2 0.848698 0.974537 0.023438 0.037963
2 0.052344 0.823611 0.023438 0.037963
2 0.815885 0.973611 0.023438 0.037963
2 0.071615 0.806944 0.023438 0.037963
2 0.545573 0.735648 0.023438 0.037963
2 0.785156 0.767130 0.023438 0.037963
2 0.533073 0.721759 0.023438 0.037963
2 0.795573 0.831944 0.023438 0.037963
2 0.804427 0.753241 0.023438 0.037963
2 0.658073 0.768981 0.023438 0.037963
2 0.812240 0.741204 0.023438 0.037963
2 0.180990 0.431944 0.023438 0.037963
2 0.686719 0.437500 0.023438 0.037963
1 0.772943 0.428926 0.041981 0.036901
1 0.697559 0.427071 0.053308 0.038745
1 0.947757 0.432266 0.033389 0.037354
1 0.027477 0.825699 0.054953 0.036990
1 0.914222 0.430393 0.062340 0.037625
