0 0.492274 0.577894 0.053965 0.110938
5 0.557813 0.218519 0.032292 0.042593
5 0.221875 0.222222 0.032292 0.042593
5 0.455729 0.222222 0.032292 0.042593
2 0.010937 0.849074 0.016667 0.031481
2 0.031771 0.844444 0.016667 0.031481
2 0.900000 0.874074 0.022917 0.038889
2 0.080729 0.622222 0.016667 0.031481
2 0.051042 0.633333 0.016667 0.031481
2 0.008333 0.782407 0.016667 0.031481
2 0.143229 0.587963 0.016667 0.031481
2 0.096354 0.663889 0.016667 0.031481
2 0.014583 0.638889 0.016667 0.031481
2 0.113021 0.787963 0.016667 0.031481
2 0.045312 0.659259 0.016667 0.031481
2 0.030208 0.638889 0.016667 0.031481
2 0.238281 0.806481 0.018229 0.031481
2 0.132552 0.611111 0.018229 0.031481
2 0.101823 0.807407 0.018229 0.031481
2 0.248177 0.800926 0.018229 0.031481
2 0.098177 0.778704 0.018229 0.031481
2 0.101823 0.826852 0.018229 0.031481
2 0.108073 0.776852 0.018229 0.031481
2 0.017708 0.731481 0.016667 0.031481
2 0.098437 0.567593 0.016667 0.031481
2 0.096354 0.798148 0.016667 0.031481
2 0.129167 0.625926 0.016667 0.031481
2 0.589583 0.455556 0.016667 0.031481
2 0.628125 0.421296 0.016667 0.031481
2 0.658854 0.421296 0.016667 0.031481
2 0.205208 0.128704 0.016667 0.031481
2 0.929688 0.207407 0.016667 0.031481
2 0.084896 0.820370 0.016667 0.031481
2 0.848698 0.974537 0.023438 0.037963
2 0.694010 0.610648 0.023438 0.037963
2 0.815885 0.973611 0.023438 0.037963
2 0.465365 0.608796 0.023438 0.037963
2 0.944531 0.552315 0.023438 0.037963
2 0.623177 0.640278 0.023438 0.037963
2 0.957552 0.676389 0.023438 0.037963
2 0.898177 0.402315 0.023438 0.037963
2 0.557031 0.639352 0.023438 0.037963
2 0.602344 0.633796 0.023438 0.037963
2 0.641927 0.640278 0.023438 0.037963
2 0.586198 0.633796 0.023438 0.037963
2 0.917448 0.571759 0.023438 0.037963
2 0.491927 0.296759 0.023438 0.037963
2 0.885156 0.418981 0.023438 0.037963
2 0.033594 0.298611 0.023438 0.037963
2 0.667969 0.633796 0.023438 0.037963
2 0.679948 0.610648 0.023438 0.037963
2 0.986719 0.590278 0.023438 0.037963
2 0.548177 0.631944 0.023438 0.037963
2 0.696615 0.369907 0.023438 0.037963
