0 0.375004 0.674471 0.036660 0.115402
5 0.324479 0.139815 0.032292 0.042593
5 0.389062 0.139352 0.032292 0.049074
2 0.419792 0.521296 0.023958 0.038889
2 0.651563 0.059722 0.021875 0.037963
2 0.393229 0.523611 0.021875 0.037963
2 0.434896 0.518056 0.021875 0.037963
2 0.358854 0.519907 0.021875 0.037963
2 0.372917 0.523148 0.022917 0.038889
2 0.861719 0.545370 0.018229 0.031481
2 0.832292 0.787037 0.016667 0.031481
2 0.853125 0.781481 0.016667 0.031481
2 0.900000 0.874074 0.022917 0.038889
2 0.823958 0.677778 0.016667 0.031481
2 0.816146 0.577778 0.016667 0.031481
2 0.902083 0.560185 0.016667 0.031481
2 0.829688 0.720370 0.016667 0.031481
2 0.872917 0.569444 0.016667 0.031481
2 0.964583 0.525000 0.016667 0.031481
2 0.917708 0.600926 0.016667 0.031481
2 0.869271 0.586111 0.016667 0.031481
2 0.833854 0.584259 0.016667 0.031481
2 0.851562 0.576852 0.016667 0.031481
2 0.865625 0.602778 0.016667 0.031481
2 0.923177 0.754630 0.018229 0.031481
2 0.953906 0.548148 0.018229 0.031481
2 0.919531 0.506481 0.018229 0.031481
2 0.948698 0.566667 0.018229 0.031481
2 0.839063 0.669444 0.016667 0.031481
2 0.407292 0.520370 0.016667 0.031481
2 0.420833 0.872222 0.016667 0.031481
2 0.631250 0.144444 0.016667 0.031481
2 0.696875 0.535185 0.016667 0.031481
2 0.906250 0.755556 0.016667 0.031481
2 0.763021 0.144444 0.016667 0.031481
2 0.301563 0.612963 0.016667 0.031481
2 0.433333 0.144444 0.016667 0.031481
2 0.959375 0.435185 0.016667 0.031481
2 0.974479 0.464815 0.016667 0.031481
2 0.847396 0.708333 0.016667 0.031481
2 0.050521 0.885185 0.016667 0.031481
2 0.847396 0.593519 0.016667 0.031481
2 0.452604 0.874074 0.016667 0.031481
2 0.848698 0.974537 0.023438 0.037963
2 0.193490 0.627315 0.023438 0.037963
2 0.039844 0.376389 0.023438 0.037963
2 0.815885 0.973611 0.023438 0.037963
2 0.721615 0.792130 0.023438 0.037963
2 0.653385 0.567130 0.023438 0.037963
2 0.093490 0.537500 0.023438 0.037963
2 0.401302 0.867130 0.023438 0.037963
2 0.687760 0.784722 0.023438 0.037963
2 0.050781 0.601389 0.023438 0.037963
2 0.641406 0.553241 0.023438 0.037963
2 0.180469 0.631019 0.023438 0.037963
2 0.846094 0.853241 0.023438 0.037963
2 0.082031 0.645833 0.023438 0.037963
2 0.204948 0.610648 0.023438 0.037963
1 0.525034 0.524516 0.049756 0.038861
1 0.487654 0.522769 0.065494 0.038520
1 0.372182 0.056206 0.034759 0.040740
