0 0.582237 0.430589 0.040905 0.116860
5 0.481250 0.218519 0.032292 0.042593
5 0.280208 0.222222 0.032292 0.042593
2 0.179948 0.597222 0.023438 0.038889
2 0.119271 0.594907 0.021875 0.037963
2 0.153646 0.605093 0.021875 0.037963
2 0.195312 0.601389 0.021875 0.037963
2 0.134115 0.599074 0.023438 0.038889
2 0.592708 0.866667 0.016667 0.031481
2 0.613542 0.861111 0.016667 0.031481
2 0.757812 0.580556 0.016667 0.031481
2 0.705208 0.590741 0.016667 0.031481
2 0.584896 0.756481 0.016667 0.031481
2 0.662500 0.639815 0.016667 0.031481
2 0.590104 0.800000 0.016667 0.031481
2 0.725000 0.604630 0.016667 0.031481
2 0.634375 0.645370 0.016667 0.031481
2 0.678125 0.680556 0.016667 0.031481
2 0.576562 0.658333 0.016667 0.031481
2 0.672396 0.574074 0.016667 0.031481
2 0.630208 0.662963 0.016667 0.031481
2 0.694792 0.805556 0.016667 0.031481
2 0.594792 0.662963 0.016667 0.031481
2 0.820573 0.823148 0.018229 0.031481
2 0.830469 0.817593 0.018229 0.031481
2 0.683594 0.825000 0.018229 0.031481
2 0.714323 0.628704 0.018229 0.031481
2 0.680469 0.796296 0.018229 0.031481
2 0.684115 0.843519 0.018229 0.031481
2 0.680729 0.585185 0.016667 0.031481
2 0.600000 0.748148 0.016667 0.031481
2 0.678125 0.816667 0.016667 0.031481
2 0.786979 0.145370 0.016667 0.031481
2 0.391667 0.224074 0.016667 0.031481
2 0.457813 0.613889 0.016667 0.031481
2 0.523438 0.223148 0.016667 0.031481
2 0.667188 0.837963 0.016667 0.031481
2 0.610938 0.662037 0.016667 0.031481
2 0.062500 0.692593 0.016667 0.031481
2 0.720313 0.514815 0.016667 0.031481
2 0.703646 0.643519 0.016667 0.031481
2 0.848698 0.974537 0.023438 0.037963
2 0.482031 0.871759 0.023438 0.037963
2 0.815885 0.973611 0.023438 0.037963
2 0.851823 0.600463 0.023438 0.037963
2 0.594010 0.586574 0.023438 0.037963
2 0.448177 0.864352 0.023438 0.037963
2 0.833594 0.615278 0.023438 0.037963
2 0.880990 0.568056 0.023438 0.037963
2 0.758073 0.643981 0.023438 0.037963
2 0.470573 0.862500 0.023438 0.037963
2 0.856510 0.817130 0.023438 0.037963
