0 0.573702 0.506182 0.039714 0.112512
5 0.594531 0.500000 0.025521 0.061111
5 0.700521 0.269444 0.032292 0.042593
2 0.634375 0.512037 0.022917 0.038889
2 0.671875 0.441667 0.016667 0.031481
2 0.685417 0.608333 0.016667 0.031481
2 0.671354 0.473148 0.016667 0.031481
2 0.569010 0.753704 0.018229 0.031481
2 0.325000 0.685185 0.016667 0.031481
2 0.061458 0.606481 0.016667 0.031481
2 0.983854 0.606481 0.016667 0.031481
2 0.786458 0.606481 0.016667 0.031481
2 0.671875 0.411111 0.016667 0.031481
2 0.702083 0.612963 0.016667 0.031481
2 0.501042 0.613889 0.016667 0.031481
2 0.632812 0.613889 0.016667 0.031481
2 0.715104 0.737037 0.016667 0.031481
2 0.848698 0.974537 0.023438 0.037963
2 0.815885 0.973611 0.023438 0.037963
2 0.737760 0.768981 0.023438 0.037963
2 0.477344 0.755093 0.023438 0.037963
2 0.465365 0.740278 0.023438 0.037963
2 0.742448 0.743981 0.023438 0.037963
2 0.717448 0.783796 0.023438 0.037963
2 0.872135 0.836574 0.023438 0.037963
