0 0.510417 0.483333 0.058333 0.144444
5 0.403646 0.207407 0.032292 0.042593
5 0.525000 0.223148 0.032292 0.042593
5 0.599479 0.207407 0.032292 0.042593
5 0.271354 0.207407 0.032292 0.042593
2 0.742448 0.612963 0.018229 0.031481
2 0.856250 0.217593 0.023958 0.038889
2 0.473698 0.108333 0.023438 0.038889
2 0.713021 0.854630 0.016667 0.031481
2 0.899479 0.873148 0.022917 0.038889
2 0.825000 0.579630 0.016667 0.031481
2 0.704688 0.745370 0.016667 0.031481
2 0.782813 0.627778 0.016667 0.031481
2 0.710417 0.787963 0.016667 0.031481
2 0.792708 0.562037 0.016667 0.031481
2 0.696354 0.646296 0.016667 0.031481
2 0.754167 0.634259 0.016667 0.031481
2 0.845313 0.592593 0.016667 0.031481
2 0.798438 0.668519 0.016667 0.031481
2 0.750521 0.650926 0.016667 0.031481
2 0.815104 0.793519 0.016667 0.031481
2 0.714583 0.651852 0.016667 0.031481
2 0.731250 0.649074 0.016667 0.031481
2 0.803906 0.812037 0.018229 0.031481
2 0.834635 0.615741 0.018229 0.031481
2 0.800260 0.783333 0.018229 0.031481
2 0.803906 0.828704 0.018229 0.031481
2 0.321615 0.512037 0.018229 0.031481
2 0.800521 0.573148 0.016667 0.031481
2 0.719792 0.737037 0.016667 0.031481
2 0.831771 0.630556 0.016667 0.031481
2 0.798438 0.798148 0.016667 0.031481
2 0.511979 0.212037 0.016667 0.031481
2 0.314063 0.212037 0.016667 0.031481
2 0.577604 0.602778 0.016667 0.031481
2 0.182292 0.680556 0.016667 0.031481
2 0.786979 0.825000 0.016667 0.031481
2 0.643750 0.212037 0.016667 0.031481
2 0.907292 0.134259 0.016667 0.031481
2 0.840104 0.502778 0.016667 0.031481
2 0.848698 0.974537 0.023438 0.037963
2 0.815885 0.973611 0.023438 0.037963
2 0.602344 0.859722 0.023438 0.037963
2 0.882031 0.597685 0.023438 0.037963
2 0.014844 0.617130 0.023438 0.037963
2 0.598698 0.882870 0.023438 0.037963
2 0.045573 0.663426 0.023438 0.037963
2 0.977865 0.622685 0.023438 0.037963
2 0.111198 0.665278 0.023438 0.037963
2 0.590365 0.863426 0.023438 0.037963
2 0.567969 0.851389 0.023438 0.037963
2 0.058594 0.664352 0.023438 0.037963
