0 0.515416 0.499162 0.038739 0.113436
5 0.490625 0.500000 0.030208 0.066667
5 0.253125 0.204630 0.032292 0.042593
5 0.376563 0.205556 0.032292 0.042593
2 0.213542 0.583796 0.021875 0.037963
2 0.514062 0.122685 0.021875 0.037963
2 0.859896 0.567593 0.016667 0.031481
2 0.852604 0.212037 0.022917 0.038889
2 0.694271 0.853704 0.016667 0.031481
2 0.715625 0.848148 0.016667 0.031481
2 0.684635 0.744444 0.018229 0.031481
2 0.806771 0.578704 0.016667 0.031481
2 0.678646 0.644444 0.016667 0.031481
2 0.764583 0.625926 0.016667 0.031481
2 0.691667 0.787037 0.016667 0.031481
2 0.735417 0.635185 0.016667 0.031481
2 0.827083 0.591667 0.016667 0.031481
2 0.779687 0.667593 0.016667 0.031481
2 0.774479 0.561111 0.016667 0.031481
2 0.731771 0.651852 0.016667 0.031481
2 0.698438 0.642593 0.016667 0.031481
2 0.796354 0.792593 0.016667 0.031481
2 0.785677 0.810185 0.018229 0.031481
2 0.816406 0.614815 0.018229 0.031481
2 0.782031 0.785185 0.018229 0.031481
2 0.785677 0.826852 0.018229 0.031481
2 0.357552 0.537037 0.018229 0.031481
2 0.782292 0.572222 0.016667 0.031481
2 0.701562 0.736111 0.016667 0.031481
2 0.813021 0.630556 0.016667 0.031481
2 0.714063 0.642593 0.016667 0.031481
2 0.493229 0.211111 0.016667 0.031481
2 0.295833 0.211111 0.016667 0.031481
2 0.559375 0.601852 0.016667 0.031481
2 0.889062 0.132407 0.016667 0.031481
2 0.768750 0.824074 0.016667 0.031481
2 0.164062 0.679630 0.016667 0.031481
2 0.848698 0.974537 0.023438 0.037963
2 0.863281 0.616204 0.023438 0.037963
2 0.815885 0.973611 0.023438 0.037963
2 0.584115 0.857870 0.023438 0.037963
2 0.872135 0.606944 0.023438 0.037963
2 0.550260 0.851389 0.023438 0.037963
2 0.040885 0.661574 0.023438 0.037963
2 0.884115 0.591204 0.023438 0.037963
2 0.198177 0.588426 0.023438 0.037963
2 0.092969 0.664352 0.023438 0.037963
2 0.100260 0.468981 0.023438 0.037963
2 0.580990 0.880093 0.023438 0.037963
2 0.973698 0.620833 0.023438 0.037963
2 0.114323 0.573611 0.023438 0.037963
2 0.187240 0.586574 0.023438 0.037963
2 0.053385 0.662500 0.023438 0.037963
2 0.436198 0.124537 0.023438 0.037963
