0 0.518292 0.500568 0.038468 0.119453
2 0.341406 0.595370 0.018229 0.031481
2 0.289062 0.188889 0.023958 0.038889
2 0.434375 0.292593 0.016667 0.031481
2 0.697917 0.371296 0.016667 0.031481
2 0.434375 0.683333 0.016667 0.031481
2 0.697917 0.605556 0.016667 0.031481
2 0.302604 0.683333 0.016667 0.031481
2 0.302604 0.292593 0.016667 0.031481
2 0.104688 0.683333 0.016667 0.031481
2 0.667188 0.682407 0.016667 0.031481
2 0.807813 0.612037 0.016667 0.031481
2 0.808854 0.668519 0.016667 0.031481
2 0.848698 0.974537 0.023438 0.037963
2 0.095052 0.760648 0.023438 0.037963
2 0.815885 0.973611 0.023438 0.037963
2 0.824740 0.711574 0.023438 0.037963
2 0.811719 0.716204 0.023438 0.037963
2 0.571094 0.684722 0.023438 0.037963
2 0.106510 0.744907 0.023438 0.037963
2 0.082031 0.765278 0.023438 0.037963
