0 0.563021 0.497685 0.051042 0.117593
5 0.253125 0.207407 0.032292 0.042593
5 0.376042 0.208333 0.032292 0.042593
2 0.282292 0.590741 0.023958 0.038889
2 0.220833 0.588426 0.021875 0.037963
2 0.297396 0.587500 0.021875 0.037963
2 0.255208 0.593056 0.021875 0.037963
2 0.235417 0.591667 0.022917 0.038889
2 0.859896 0.570370 0.016667 0.031481
2 0.852604 0.212963 0.022917 0.038889
2 0.694271 0.856481 0.016667 0.031481
2 0.715625 0.850926 0.016667 0.031481
2 0.686458 0.746296 0.016667 0.031481
2 0.764583 0.628704 0.016667 0.031481
2 0.806771 0.580556 0.016667 0.031481
2 0.678646 0.646296 0.016667 0.031481
2 0.692187 0.788889 0.016667 0.031481
2 0.735938 0.635185 0.016667 0.031481
2 0.827083 0.594444 0.016667 0.031481
2 0.779687 0.670370 0.016667 0.031481
2 0.774479 0.563889 0.016667 0.031481
2 0.732292 0.651852 0.016667 0.031481
2 0.796354 0.795370 0.016667 0.031481
2 0.696354 0.652778 0.016667 0.031481
2 0.785677 0.813889 0.018229 0.031481
2 0.816406 0.617593 0.018229 0.031481
2 0.782031 0.785185 0.018229 0.031481
2 0.785677 0.830556 0.018229 0.031481
2 0.782292 0.575000 0.016667 0.031481
2 0.701562 0.737963 0.016667 0.031481
2 0.813542 0.630556 0.016667 0.031481
2 0.780208 0.804630 0.016667 0.031481
2 0.723958 0.614815 0.016667 0.031481
2 0.493229 0.213889 0.016667 0.031481
2 0.559375 0.603704 0.016667 0.031481
2 0.888542 0.135185 0.016667 0.031481
2 0.714063 0.645370 0.016667 0.031481
2 0.295833 0.212963 0.016667 0.031481
2 0.164062 0.682407 0.016667 0.031481
2 0.625000 0.213889 0.016667 0.031481
2 0.768750 0.826852 0.016667 0.031481
2 0.805729 0.632407 0.016667 0.031481
2 0.821354 0.503704 0.016667 0.031481
2 0.848698 0.974537 0.023438 0.037963
2 0.815885 0.973611 0.023438 0.037963
2 0.584115 0.860648 0.023438 0.037963
2 0.863281 0.618056 0.023438 0.037963
2 0.873177 0.607870 0.023438 0.037963
2 0.550260 0.854167 0.023438 0.037963
2 0.883594 0.592130 0.023438 0.037963
2 0.040365 0.663426 0.023438 0.037963
2 0.092969 0.666204 0.023438 0.037963
2 0.973698 0.622685 0.023438 0.037963
2 0.180469 0.603241 0.023438 0.037963
2 0.580990 0.882870 0.023438 0.037963
1 0.468736 0.122610 0.044546 0.037759
