0 0.487835 0.562882 0.042989 0.119171
5 0.492448 0.406019 0.025521 0.071296
5 0.609375 0.252778 0.032292 0.042593
2 0.370573 0.587963 0.018229 0.031481
2 0.332292 0.591204 0.021875 0.037963
2 0.258854 0.598148 0.016667 0.031481
2 0.196354 0.593519 0.023958 0.038889
2 0.228125 0.593056 0.021875 0.037963
2 0.210938 0.590278 0.021875 0.037963
2 0.353385 0.586111 0.023438 0.038889
2 0.380208 0.682407 0.016667 0.031481
2 0.050521 0.291667 0.016667 0.031481
2 0.335677 0.692593 0.018229 0.031481
2 0.116667 0.682407 0.016667 0.031481
2 0.848698 0.974537 0.023438 0.037963
2 0.815885 0.973611 0.023438 0.037963
2 0.497135 0.711574 0.023438 0.037963
2 0.807552 0.749537 0.023438 0.037963
2 0.484635 0.716204 0.023438 0.037963
2 0.700260 0.671759 0.023438 0.037963
2 0.509115 0.695833 0.023438 0.037963
2 0.657552 0.734722 0.023438 0.037963
2 0.273698 0.710648 0.023438 0.037963
