0 0.507812 0.497685 0.062500 0.115741
2 0.329167 0.598148 0.016667 0.031481
2 0.216667 0.591204 0.021875 0.037963
2 0.314583 0.593981 0.021875 0.037963
2 0.184635 0.588889 0.023438 0.038889
2 0.198958 0.588426 0.021875 0.037963
2 0.247396 0.591204 0.021875 0.037963
2 0.503385 0.831481 0.018229 0.031481
2 0.358594 0.831481 0.018229 0.031481
2 0.478385 0.831481 0.018229 0.031481
2 0.376302 0.831481 0.018229 0.031481
2 0.411198 0.831481 0.018229 0.031481
2 0.462760 0.831481 0.018229 0.031481
2 0.488802 0.831481 0.018229 0.031481
2 0.400260 0.831481 0.018229 0.031481
2 0.420052 0.831481 0.018229 0.031481
2 0.430469 0.831481 0.018229 0.031481
2 0.386198 0.831481 0.018229 0.031481
2 0.452865 0.831481 0.018229 0.031481
2 0.440885 0.831481 0.018229 0.031481
2 0.266927 0.832407 0.018229 0.031481
2 0.183073 0.831481 0.018229 0.031481
2 0.220052 0.831481 0.018229 0.031481
2 0.304427 0.831481 0.018229 0.031481
2 0.257031 0.831481 0.018229 0.031481
2 0.329948 0.831481 0.018229 0.031481
2 0.132552 0.831481 0.018229 0.031481
2 0.349219 0.830556 0.018229 0.031481
2 0.276302 0.831481 0.018229 0.031481
2 0.286198 0.831481 0.018229 0.031481
2 0.246615 0.830556 0.018229 0.031481
2 0.317969 0.830556 0.018229 0.031481
2 0.340365 0.830556 0.018229 0.031481
2 0.155469 0.831481 0.018229 0.031481
2 0.237240 0.830556 0.018229 0.031481
2 0.029167 0.831481 0.016667 0.031481
2 0.368229 0.680556 0.016667 0.031481
2 0.848698 0.974537 0.023438 0.037963
2 0.815885 0.973611 0.023438 0.037963
2 0.494531 0.711574 0.023438 0.037963
2 0.804948 0.747685 0.023438 0.037963
2 0.481510 0.716204 0.023438 0.037963
2 0.696615 0.671759 0.023438 0.037963
2 0.065885 0.609722 0.023438 0.037963
2 0.506510 0.695833 0.023438 0.037963
2 0.653906 0.734722 0.023438 0.037963
