0 0.518480 0.497277 0.038355 0.119458
5 0.490885 0.500926 0.025521 0.064815
2 0.514062 0.122685 0.021875 0.037963
2 0.859896 0.567593 0.016667 0.031481
2 0.337500 0.416667 0.016667 0.031481
2 0.852604 0.212037 0.022917 0.038889
2 0.694271 0.853704 0.016667 0.031481
2 0.899479 0.873148 0.022917 0.038889
2 0.715625 0.848148 0.016667 0.031481
2 0.686458 0.743519 0.016667 0.031481
2 0.806771 0.578704 0.016667 0.031481
2 0.764583 0.625926 0.016667 0.031481
2 0.678646 0.644444 0.016667 0.031481
2 0.691667 0.787037 0.016667 0.031481
2 0.735938 0.632407 0.016667 0.031481
2 0.827083 0.591667 0.016667 0.031481
2 0.779687 0.667593 0.016667 0.031481
2 0.732292 0.649074 0.016667 0.031481
2 0.774479 0.561111 0.016667 0.031481
2 0.696354 0.650000 0.016667 0.031481
2 0.796354 0.792593 0.016667 0.031481
2 0.728125 0.666667 0.016667 0.031481
2 0.714063 0.643519 0.016667 0.031481
2 0.785677 0.810185 0.018229 0.031481
2 0.815885 0.615741 0.018229 0.031481
2 0.785677 0.826852 0.018229 0.031481
2 0.782031 0.786111 0.018229 0.031481
2 0.782292 0.572222 0.016667 0.031481
2 0.701562 0.736111 0.016667 0.031481
2 0.780208 0.801852 0.016667 0.031481
2 0.813021 0.629630 0.016667 0.031481
2 0.493229 0.211111 0.016667 0.031481
2 0.559375 0.601852 0.016667 0.031481
2 0.889062 0.132407 0.016667 0.031481
2 0.768750 0.824074 0.016667 0.031481
2 0.308333 0.409259 0.016667 0.031481
2 0.848698 0.974537 0.023438 0.037963
2 0.815885 0.973611 0.023438 0.037963
2 0.863281 0.616204 0.023438 0.037963
2 0.584115 0.857870 0.023438 0.037963
2 0.871615 0.606944 0.023438 0.037963
2 0.550260 0.851389 0.023438 0.037963
2 0.883594 0.591204 0.023438 0.037963
2 0.040885 0.661574 0.023438 0.037963
2 0.580990 0.880093 0.023438 0.037963
2 0.973698 0.620833 0.023438 0.037963
2 0.060156 0.556019 0.023438 0.037963
2 0.053385 0.662500 0.023438 0.037963
2 0.572135 0.849537 0.023438 0.037963
2 0.436719 0.124537 0.023438 0.037963
