0 0.516667 0.512500 0.052083 0.137963
1 0.122079 0.589878 0.048146 0.044489
2 0.084375 0.585185 0.016667 0.031481
2 0.296615 0.590741 0.018229 0.031481
2 0.323958 0.587963 0.022917 0.038889
2 0.211458 0.590278 0.021875 0.037963
2 0.179427 0.587963 0.023438 0.038889
2 0.193750 0.587500 0.021875 0.037963
2 0.048958 0.584722 0.021875 0.037963
2 0.337500 0.586111 0.023958 0.038889
2 0.032813 0.584722 0.021875 0.037963
2 0.242188 0.590278 0.021875 0.037963
2 0.351562 0.587500 0.021875 0.037963
2 0.314063 0.590741 0.016667 0.031481
1 0.451233 0.587334 0.060876 0.037763
1 0.083255 0.585697 0.055329 0.037066
1 0.410436 0.587007 0.051013 0.037064
