0 0.505208 0.483333 0.058333 0.144444
2 0.084635 0.585185 0.018229 0.031481
2 0.354687 0.581481 0.022917 0.038889
2 0.296875 0.590741 0.016667 0.031481
2 0.336719 0.584259 0.023438 0.038889
2 0.179167 0.587037 0.022917 0.038889
2 0.193750 0.587500 0.021875 0.037963
2 0.314323 0.590741 0.018229 0.031481
2 0.048958 0.584722 0.021875 0.037963
2 0.242188 0.590278 0.021875 0.037963
2 0.032813 0.584722 0.021875 0.037963
2 0.369792 0.585648 0.021875 0.037963
1 0.010359 0.584527 0.020717 0.039748
1 0.434490 0.587709 0.063063 0.036846
