0 0.429792 0.715113 0.037287 0.115939
2 0.220312 0.677778 0.016667 0.031481
2 0.297917 0.560185 0.016667 0.031481
2 0.225521 0.720370 0.016667 0.031481
2 0.313542 0.600926 0.016667 0.031481
2 0.360417 0.525000 0.016667 0.031481
2 0.211979 0.578704 0.016667 0.031481
2 0.268750 0.570370 0.016667 0.031481
2 0.227604 0.777778 0.016667 0.031481
2 0.261979 0.600000 0.016667 0.031481
2 0.230208 0.583333 0.016667 0.031481
2 0.302604 0.759259 0.016667 0.031481
2 0.246354 0.582407 0.016667 0.031481
2 0.314063 0.729630 0.016667 0.031481
2 0.235417 0.669444 0.016667 0.031481
2 0.227083 0.754630 0.016667 0.031481
2 0.455990 0.743519 0.018229 0.031481
2 0.354687 0.533333 0.016667 0.031481
2 0.357812 0.507407 0.016667 0.031481
2 0.319010 0.747222 0.018229 0.031481
2 0.465365 0.737963 0.018229 0.031481
2 0.349740 0.549074 0.018229 0.031481
2 0.315885 0.507407 0.018229 0.031481
2 0.603906 0.870370 0.018229 0.031481
2 0.343490 0.876852 0.018229 0.031481
2 0.319010 0.764815 0.018229 0.031481
2 0.315625 0.715741 0.016667 0.031481
2 0.422396 0.066667 0.016667 0.031481
2 0.322917 0.728704 0.016667 0.031481
2 0.339062 0.562037 0.016667 0.031481
2 0.598437 0.541667 0.016667 0.031481
2 0.092708 0.535185 0.016667 0.031481
2 0.469792 0.887037 0.016667 0.031481
2 0.547917 0.876852 0.016667 0.031481
2 0.355729 0.435185 0.016667 0.031481
2 0.292448 0.743981 0.023438 0.037963
2 0.848698 0.974537 0.023438 0.037963
2 0.012760 0.626389 0.023438 0.037963
2 0.815885 0.973611 0.023438 0.037963
2 0.117448 0.792130 0.023438 0.037963
2 0.933073 0.624537 0.023438 0.037963
2 0.755469 0.593056 0.023438 0.037963
2 0.687760 0.610648 0.023438 0.037963
2 0.084115 0.785648 0.023438 0.037963
2 0.489844 0.552315 0.023438 0.037963
2 0.742969 0.597685 0.023438 0.037963
2 0.967969 0.600463 0.023438 0.037963
2 0.767448 0.577315 0.023438 0.037963
2 0.458594 0.845833 0.023438 0.037963
