0 0.469236 0.778721 0.036392 0.108917
5 0.839583 0.200000 0.032292 0.042593
2 0.223177 0.058333 0.023438 0.038889
2 0.393750 0.787037 0.016667 0.031481
2 0.559375 0.508333 0.016667 0.031481
2 0.377604 0.577778 0.016667 0.031481
2 0.385417 0.677778 0.016667 0.031481
2 0.391146 0.720370 0.016667 0.031481
2 0.463542 0.560185 0.016667 0.031481
2 0.479167 0.600926 0.016667 0.031481
2 0.434375 0.569444 0.016667 0.031481
2 0.526042 0.525926 0.016667 0.031481
2 0.427604 0.599074 0.016667 0.031481
2 0.395313 0.584259 0.016667 0.031481
2 0.414062 0.781481 0.016667 0.031481
2 0.411979 0.581481 0.016667 0.031481
2 0.621094 0.743519 0.018229 0.031481
2 0.515365 0.548148 0.018229 0.031481
2 0.630990 0.738889 0.018229 0.031481
2 0.769531 0.870370 0.018229 0.031481
2 0.400521 0.669444 0.016667 0.031481
2 0.481771 0.505556 0.016667 0.031481
2 0.508854 0.872222 0.016667 0.031481
2 0.512500 0.562037 0.016667 0.031481
2 0.588021 0.066667 0.016667 0.031481
2 0.324479 0.144444 0.016667 0.031481
2 0.258333 0.535185 0.016667 0.031481
2 0.635938 0.887037 0.016667 0.031481
2 0.495833 0.722222 0.016667 0.031481
2 0.713021 0.875926 0.016667 0.031481
2 0.445052 0.750463 0.023438 0.037963
2 0.848698 0.974537 0.023438 0.037963
2 0.815885 0.973611 0.023438 0.037963
2 0.283073 0.792130 0.023438 0.037963
2 0.796615 0.593056 0.023438 0.037963
2 0.249219 0.784722 0.023438 0.037963
2 0.783594 0.597685 0.023438 0.037963
2 0.808073 0.576389 0.023438 0.037963
2 0.407552 0.853241 0.023438 0.037963
1 0.132031 0.520649 0.048485 0.037463
1 0.164634 0.522974 0.056802 0.039237
1 0.683175 0.835451 0.021274 0.035138
1 0.066632 0.523887 0.060463 0.038000
