0 0.420732 0.781877 0.039876 0.119518
5 0.467187 0.774074 0.027083 0.064815
2 0.297396 0.051852 0.022917 0.038889
2 0.070833 0.518056 0.021875 0.037963
2 0.489063 0.781481 0.016667 0.031481
2 0.860938 0.134259 0.022917 0.038889
2 0.573698 0.522222 0.023438 0.040741
2 0.452083 0.578704 0.016667 0.031481
2 0.460417 0.677778 0.016667 0.031481
2 0.538021 0.560185 0.016667 0.031481
2 0.465625 0.720370 0.016667 0.031481
2 0.553646 0.600926 0.016667 0.031481
2 0.508854 0.570370 0.016667 0.031481
2 0.600521 0.525000 0.016667 0.031481
2 0.570312 0.725000 0.016667 0.031481
2 0.502604 0.597222 0.016667 0.031481
2 0.475521 0.669444 0.016667 0.031481
2 0.470313 0.583333 0.016667 0.031481
2 0.594792 0.533333 0.016667 0.031481
2 0.696094 0.743519 0.018229 0.031481
2 0.589844 0.549074 0.018229 0.031481
2 0.559115 0.744444 0.018229 0.031481
2 0.705990 0.737963 0.018229 0.031481
2 0.556250 0.505556 0.016667 0.031481
2 0.583333 0.872222 0.016667 0.031481
2 0.554167 0.722222 0.016667 0.031481
2 0.056771 0.872222 0.016667 0.031481
2 0.587500 0.562037 0.016667 0.031481
2 0.838542 0.872222 0.016667 0.031481
2 0.559375 0.762037 0.016667 0.031481
2 0.333333 0.535185 0.016667 0.031481
2 0.267188 0.144444 0.016667 0.031481
2 0.662500 0.065741 0.016667 0.031481
2 0.398958 0.144444 0.016667 0.031481
2 0.542708 0.756481 0.016667 0.031481
2 0.710938 0.887037 0.016667 0.031481
2 0.579688 0.563889 0.016667 0.031481
2 0.848698 0.974537 0.023438 0.037963
2 0.083073 0.627315 0.023438 0.037963
2 0.815885 0.973611 0.023438 0.037963
2 0.826823 0.577315 0.023438 0.037963
2 0.358073 0.791204 0.023438 0.037963
2 0.814844 0.593056 0.023438 0.037963
2 0.323698 0.784722 0.023438 0.037963
2 0.802865 0.597685 0.023438 0.037963
2 0.482552 0.853241 0.023438 0.037963
2 0.749740 0.628241 0.023438 0.037963
2 0.699740 0.842130 0.023438 0.037963
2 0.037240 0.867130 0.023438 0.037963
2 0.812240 0.848611 0.023438 0.037963
2 0.461198 0.391204 0.023438 0.037963
2 0.353906 0.814352 0.023438 0.037963
2 0.026302 0.656019 0.023438 0.037963
1 0.247628 0.523121 0.044197 0.038232
1 0.211398 0.052397 0.032740 0.038594
1 0.214284 0.521635 0.050209 0.037942
1 0.261109 0.828736 0.023612 0.038165
1 0.312230 0.054565 0.074484 0.043128
