1 0.174740 0.502315 0.060937 0.037963
1 0.313542 0.498611 0.058333 0.037963
1 0.458594 0.498611 0.060937 0.037963
1 0.757292 0.036574 0.063542 0.037963
1 0.221094 0.268056 0.063021 0.037963
1 0.187500 0.811574 0.022917 0.036111
1 0.487240 0.271759 0.060937 0.037963
1 0.612500 0.490741 0.066667 0.061111
1 0.767708 0.814352 0.022917 0.036111
5 0.792448 0.493056 0.035937 0.063889
5 0.571875 0.100926 0.044792 0.075926
5 0.366406 0.405093 0.032813 0.047222
5 0.312500 0.260185 0.034375 0.051852
5 0.414583 0.800000 0.027083 0.066667
5 0.542188 0.252315 0.044792 0.067593
5 0.376563 0.257407 0.034375 0.051852
