1 0.196875 0.812500 0.058333 0.037963
1 0.277344 0.268056 0.063021 0.037963
1 0.447917 0.501389 0.058333 0.037963
1 0.768750 0.811574 0.058333 0.037963
1 0.248438 0.500463 0.058333 0.037963
1 0.025521 0.771759 0.023958 0.036111
1 0.244271 0.811574 0.022917 0.036111
1 0.639323 0.498611 0.060937 0.037963
1 0.890625 0.030093 0.063542 0.037963
2 0.408333 0.792593 0.016667 0.031481
5 0.848698 0.493981 0.035937 0.063889
5 0.485938 0.495370 0.034375 0.051852
5 0.417448 0.263426 0.032813 0.050926
5 0.485938 0.261111 0.034375 0.051852
5 0.435156 0.782870 0.033854 0.045370
