0 0.417520 0.803814 0.034956 0.087616
5 0.791667 0.191667 0.032292 0.042593
5 0.446875 0.218519 0.032292 0.042593
5 0.213021 0.217593 0.032292 0.042593
2 0.866406 0.059259 0.018229 0.031481
2 0.961458 0.052778 0.023958 0.038889
2 0.794531 0.840741 0.018229 0.031481
2 0.020833 0.725926 0.016667 0.031481
2 0.051562 0.512037 0.016667 0.031481
2 0.020833 0.692593 0.016667 0.031481
2 0.660417 0.545370 0.016667 0.031481
2 0.009635 0.743519 0.018229 0.031481
2 0.146094 0.743519 0.018229 0.031481
2 0.155990 0.738889 0.018229 0.031481
2 0.009635 0.760185 0.018229 0.031481
2 0.294531 0.870370 0.018229 0.031481
2 0.034115 0.876852 0.018229 0.031481
2 0.010156 0.719444 0.018229 0.031481
2 0.837500 0.144444 0.016667 0.031481
2 0.023438 0.864815 0.016667 0.031481
2 0.132292 0.735185 0.016667 0.031481
2 0.310937 0.871296 0.016667 0.031481
2 0.160938 0.887037 0.016667 0.031481
2 0.618229 0.541667 0.016667 0.031481
2 0.045833 0.435185 0.016667 0.031481
2 0.238021 0.875926 0.016667 0.031481
2 0.398438 0.803704 0.016667 0.031481
2 0.060937 0.464815 0.016667 0.031481
2 0.288542 0.541667 0.016667 0.031481
2 0.143750 0.683333 0.016667 0.031481
2 0.076042 0.431481 0.016667 0.031481
2 0.848698 0.974537 0.023438 0.037963
2 0.967969 0.572685 0.023438 0.037963
2 0.815885 0.973611 0.023438 0.037963
2 0.802344 0.472685 0.023438 0.037963
2 0.678385 0.593056 0.023438 0.037963
2 0.665365 0.596759 0.023438 0.037963
2 0.623698 0.624537 0.023438 0.037963
