0 0.521937 0.568936 0.040685 0.116923
5 0.532552 0.382870 0.025521 0.071296
2 0.646875 0.433333 0.016667 0.031481
2 0.496354 0.674074 0.016667 0.031481
2 0.232813 0.596296 0.016667 0.031481
2 0.610417 0.433333 0.016667 0.031481
2 0.655729 0.403704 0.016667 0.031481
2 0.101042 0.596296 0.016667 0.031481
2 0.626042 0.435185 0.016667 0.031481
2 0.957812 0.596296 0.016667 0.031481
2 0.672396 0.602778 0.016667 0.031481
2 0.757812 0.735185 0.016667 0.031481
2 0.848698 0.974537 0.023438 0.037963
2 0.035156 0.836574 0.023438 0.037963
2 0.773698 0.779167 0.023438 0.037963
2 0.815885 0.973611 0.023438 0.037963
2 0.520573 0.753241 0.023438 0.037963
2 0.046615 0.820833 0.023438 0.037963
2 0.761198 0.783796 0.023438 0.037963
2 0.786198 0.763426 0.023438 0.037963
2 0.022135 0.841204 0.023438 0.037963
2 0.508594 0.739352 0.023438 0.037963
1 0.831344 0.505137 0.050814 0.039650
1 0.634932 0.500921 0.043318 0.052820
