1 0.568750 0.270833 0.058333 0.037963
1 0.830990 0.815278 0.063021 0.037963
1 0.531510 0.502315 0.063021 0.037963
1 0.842969 0.271759 0.060937 0.037963
1 0.544531 0.811574 0.060937 0.037963
1 0.257552 0.767130 0.060937 0.037963
2 0.302083 0.773148 0.016667 0.031481
2 0.316927 0.769907 0.023438 0.037963
5 0.759375 0.493056 0.041667 0.062037
5 0.943750 0.261111 0.044792 0.075926
5 0.776823 0.407870 0.032813 0.047222
5 0.626042 0.262963 0.030208 0.048148
5 0.695833 0.264815 0.030208 0.048148
5 0.844271 0.353704 0.032292 0.042593
