0 0.219531 0.193981 0.050521 0.128704
0 0.539853 0.403735 0.037901 0.120756
2 0.124479 0.735648 0.021875 0.037963
2 0.082812 0.745833 0.021875 0.037963
2 0.108854 0.737963 0.022917 0.038889
2 0.048438 0.736574 0.021875 0.037963
2 0.063542 0.744444 0.023958 0.038889
2 0.551302 0.762963 0.018229 0.031481
2 0.529167 0.887037 0.016667 0.031481
2 0.899479 0.873148 0.022917 0.038889
2 0.505729 0.795370 0.016667 0.031481
2 0.591667 0.777778 0.016667 0.031481
2 0.607292 0.818519 0.016667 0.031481
2 0.654167 0.742593 0.016667 0.031481
2 0.563021 0.784259 0.016667 0.031481
2 0.559375 0.800926 0.016667 0.031481
2 0.523958 0.800000 0.016667 0.031481
2 0.555729 0.817593 0.016667 0.031481
2 0.540104 0.799074 0.016667 0.031481
2 0.643490 0.765741 0.018229 0.031481
2 0.609896 0.723148 0.016667 0.031481
2 0.638281 0.784259 0.018229 0.031481
2 0.677865 0.618519 0.018229 0.031481
2 0.716146 0.284259 0.016667 0.031481
2 0.386458 0.752778 0.016667 0.031481
2 0.452604 0.362037 0.016667 0.031481
2 0.716146 0.049074 0.016667 0.031481
2 0.320833 0.362037 0.016667 0.031481
2 0.122917 0.362037 0.016667 0.031481
2 0.702083 0.612963 0.016667 0.031481
2 0.620313 0.655556 0.016667 0.031481
2 0.664062 0.681481 0.016667 0.031481
2 0.648958 0.652778 0.016667 0.031481
2 0.695833 0.629630 0.016667 0.031481
2 0.536979 0.811111 0.016667 0.031481
2 0.544271 0.366667 0.016667 0.031481
2 0.533854 0.367593 0.016667 0.031481
2 0.679167 0.649074 0.016667 0.031481
2 0.848698 0.974537 0.023438 0.037963
2 0.100781 0.680093 0.023438 0.037963
2 0.815885 0.973611 0.023438 0.037963
2 0.829948 0.641204 0.023438 0.037963
2 0.567448 0.603241 0.023438 0.037963
2 0.514844 0.374537 0.023438 0.037963
2 0.584115 0.618056 0.023438 0.037963
2 0.111719 0.664352 0.023438 0.037963
2 0.087760 0.684722 0.023438 0.037963
2 0.778906 0.668056 0.023438 0.037963
