0 0.583699 0.501223 0.039775 0.112329
5 0.018490 0.773148 0.021354 0.048148
5 0.206771 0.223148 0.032292 0.042593
2 0.912760 0.117593 0.023438 0.038889
2 0.817969 0.133333 0.018229 0.031481
2 0.109375 0.807407 0.016667 0.031481
2 0.097656 0.814815 0.018229 0.031481
2 0.862240 0.875926 0.018229 0.031481
2 0.789062 0.215741 0.016667 0.031481
2 0.348698 0.875926 0.018229 0.031481
2 0.095573 0.834259 0.018229 0.031481
2 0.084635 0.806481 0.018229 0.031481
2 0.579427 0.869444 0.018229 0.031481
2 0.094792 0.753704 0.016667 0.031481
2 0.736458 0.609259 0.016667 0.031481
2 0.086979 0.757407 0.016667 0.031481
2 0.556771 0.608333 0.016667 0.031481
2 0.848698 0.974537 0.023438 0.037963
2 0.815885 0.973611 0.023438 0.037963
2 0.390365 0.541204 0.023438 0.037963
2 0.754427 0.544907 0.023438 0.037963
2 0.901823 0.554167 0.023438 0.037963
2 0.543490 0.622685 0.023438 0.037963
2 0.556510 0.631944 0.023438 0.037963
2 0.988281 0.647685 0.023438 0.037963
2 0.898177 0.662500 0.023438 0.037963
2 0.622135 0.631019 0.023438 0.037963
2 0.527865 0.641204 0.023438 0.037963
2 0.823698 0.423611 0.023438 0.037963
2 0.763802 0.850463 0.023438 0.037963
