0 0.465434 0.499456 0.037781 0.110965
5 0.427083 0.501852 0.027083 0.066667
2 0.512500 0.516667 0.023958 0.038889
2 0.374740 0.507407 0.023438 0.038889
2 0.389583 0.505093 0.021875 0.037963
2 0.608333 0.137963 0.023958 0.038889
2 0.267188 0.389815 0.016667 0.031481
2 0.770312 0.651852 0.016667 0.031481
2 0.795833 0.717593 0.016667 0.031481
2 0.654948 0.753704 0.018229 0.031481
2 0.270313 0.602778 0.016667 0.031481
2 0.665625 0.680556 0.016667 0.031481
2 0.402083 0.602778 0.016667 0.031481
2 0.232292 0.389815 0.016667 0.031481
2 0.677604 0.756481 0.016667 0.031481
2 0.245312 0.459259 0.016667 0.031481
2 0.265104 0.455556 0.016667 0.031481
2 0.581771 0.686111 0.016667 0.031481
2 0.800521 0.737037 0.016667 0.031481
2 0.230729 0.450926 0.016667 0.031481
2 0.848698 0.974537 0.023438 0.037963
2 0.085156 0.839352 0.023438 0.037963
2 0.815885 0.973611 0.023438 0.037963
2 0.816406 0.780093 0.023438 0.037963
2 0.563281 0.755093 0.023438 0.037963
2 0.108073 0.812500 0.023438 0.037963
2 0.097135 0.823611 0.023438 0.037963
2 0.551302 0.740278 0.023438 0.037963
2 0.803906 0.784722 0.023438 0.037963
2 0.828385 0.764352 0.023438 0.037963
2 0.072656 0.843981 0.023438 0.037963
