1 0.162500 0.767130 0.058333 0.037963
1 0.377344 0.505093 0.060937 0.037963
1 0.101302 0.769907 0.060937 0.037963
1 0.690625 0.490741 0.066667 0.061111
1 0.321094 0.269907 0.060937 0.037963
1 0.451823 0.505093 0.060937 0.037963
1 0.833594 0.815278 0.063021 0.037963
1 0.280729 0.811574 0.022917 0.036111
1 0.208854 0.806944 0.023958 0.036111
5 0.885156 0.493981 0.035937 0.063889
5 0.642448 0.492130 0.035937 0.063889
5 0.500260 0.393981 0.032813 0.047222
5 0.556771 0.262963 0.030208 0.048148
5 0.482292 0.259259 0.030208 0.048148
