0 0.516667 0.512500 0.052083 0.137963
2 0.084375 0.585185 0.016667 0.031481
2 0.296615 0.590741 0.018229 0.031481
2 0.211458 0.590278 0.021875 0.037963
2 0.323958 0.587963 0.022917 0.038889
2 0.179427 0.587963 0.023438 0.038889
2 0.193750 0.587500 0.021875 0.037963
2 0.048958 0.584722 0.021875 0.037963
2 0.336979 0.586111 0.023958 0.038889
2 0.032813 0.584722 0.021875 0.037963
2 0.242188 0.590278 0.021875 0.037963
2 0.314063 0.590741 0.016667 0.031481
1 0.387263 0.592817 0.051176 0.035830
1 0.012577 0.584740 0.025154 0.040613
