0 0.531786 0.502033 0.040521 0.117501
5 0.572396 0.500000 0.030208 0.066667
5 0.235417 0.214815 0.032292 0.042593
5 0.296875 0.212037 0.032292 0.042593
2 0.597917 0.511111 0.023958 0.038889
2 0.392188 0.122685 0.021875 0.037963
2 0.406771 0.126852 0.016667 0.031481
2 0.741667 0.518056 0.021875 0.037963
2 0.283854 0.116667 0.023958 0.038889
2 0.553646 0.619444 0.016667 0.031481
2 0.451562 0.631481 0.016667 0.031481
2 0.711458 0.445370 0.016667 0.031481
2 0.763021 0.439815 0.016667 0.031481
2 0.429427 0.665741 0.018229 0.031481
2 0.407813 0.215741 0.016667 0.031481
2 0.473958 0.606481 0.016667 0.031481
2 0.210417 0.215741 0.016667 0.031481
2 0.737500 0.606481 0.016667 0.031481
2 0.731771 0.441667 0.016667 0.031481
2 0.385937 0.612963 0.016667 0.031481
2 0.428646 0.649074 0.016667 0.031481
2 0.529167 0.614815 0.016667 0.031481
2 0.848698 0.974537 0.023438 0.037963
2 0.908073 0.741204 0.023438 0.037963
2 0.815885 0.973611 0.023438 0.037963
2 0.322135 0.656019 0.023438 0.037963
2 0.625781 0.731019 0.023438 0.037963
2 0.334115 0.669907 0.023438 0.037963
2 0.604948 0.667130 0.023438 0.037963
2 0.808073 0.652315 0.023438 0.037963
2 0.592969 0.683796 0.023438 0.037963
2 0.796615 0.760648 0.023438 0.037963
2 0.919531 0.725463 0.023438 0.037963
2 0.895573 0.744907 0.023438 0.037963
