0 0.431765 0.775673 0.038778 0.116663
2 0.325260 0.544444 0.018229 0.031481
2 0.295312 0.787037 0.016667 0.031481
2 0.316667 0.781481 0.016667 0.031481
2 0.900000 0.874074 0.022917 0.038889
2 0.287500 0.677778 0.016667 0.031481
2 0.365625 0.560185 0.016667 0.031481
2 0.293229 0.720370 0.016667 0.031481
2 0.339062 0.556481 0.016667 0.031481
2 0.428125 0.525000 0.016667 0.031481
2 0.380729 0.600926 0.016667 0.031481
2 0.335417 0.573148 0.016667 0.031481
2 0.279167 0.579630 0.016667 0.031481
2 0.397396 0.726852 0.016667 0.031481
2 0.297396 0.583333 0.016667 0.031481
2 0.329167 0.600926 0.016667 0.031481
2 0.314063 0.581481 0.016667 0.031481
2 0.365104 0.806481 0.016667 0.031481
2 0.302604 0.669444 0.016667 0.031481
2 0.523177 0.743519 0.018229 0.031481
2 0.421875 0.533333 0.016667 0.031481
2 0.386719 0.744444 0.018229 0.031481
2 0.417448 0.547222 0.018229 0.031481
2 0.533073 0.737963 0.018229 0.031481
2 0.386719 0.761111 0.018229 0.031481
2 0.386198 0.726852 0.018229 0.031481
2 0.671615 0.870370 0.018229 0.031481
2 0.360156 0.789352 0.023438 0.037963
2 0.371875 0.681481 0.016667 0.031481
2 0.383333 0.505556 0.016667 0.031481
2 0.410417 0.873148 0.016667 0.031481
2 0.318750 0.680556 0.016667 0.031481
2 0.414062 0.563889 0.016667 0.031481
2 0.489583 0.066667 0.016667 0.031481
2 0.160417 0.535185 0.016667 0.031481
2 0.226042 0.144444 0.016667 0.031481
2 0.538542 0.887037 0.016667 0.031481
2 0.848698 0.974537 0.023438 0.037963
2 0.815885 0.973611 0.023438 0.037963
2 0.185156 0.792130 0.023438 0.037963
2 0.519010 0.567130 0.023438 0.037963
2 0.151302 0.785648 0.023438 0.037963
2 0.755469 0.610648 0.023438 0.037963
2 0.309635 0.853241 0.023438 0.037963
2 0.966927 0.410648 0.023438 0.037963
2 0.506510 0.552315 0.023438 0.037963
2 0.526823 0.843056 0.023438 0.037963
2 0.987760 0.600463 0.023438 0.037963
2 0.639844 0.848611 0.023438 0.037963
1 0.951640 0.444052 0.052400 0.036721
1 0.042065 0.522096 0.063561 0.038115
