0 0.415852 0.805182 0.039538 0.116403
5 0.703125 0.218519 0.032292 0.042593
2 0.141667 0.787037 0.016667 0.031481
2 0.133854 0.677778 0.016667 0.031481
2 0.139063 0.720370 0.016667 0.031481
2 0.211979 0.560185 0.016667 0.031481
2 0.273958 0.525000 0.016667 0.031481
2 0.182812 0.568519 0.016667 0.031481
2 0.227083 0.600926 0.016667 0.031481
2 0.125521 0.578704 0.016667 0.031481
2 0.179167 0.585185 0.016667 0.031481
2 0.143750 0.583333 0.016667 0.031481
2 0.243750 0.726852 0.016667 0.031481
2 0.882552 0.552778 0.023438 0.040741
2 0.175000 0.601852 0.016667 0.031481
2 0.369531 0.743519 0.018229 0.031481
2 0.232552 0.747222 0.018229 0.031481
2 0.263281 0.549074 0.018229 0.031481
2 0.379427 0.737963 0.018229 0.031481
2 0.229427 0.716667 0.018229 0.031481
2 0.517969 0.870370 0.018229 0.031481
2 0.308333 0.709259 0.016667 0.031481
2 0.314063 0.678704 0.016667 0.031481
2 0.148958 0.669444 0.016667 0.031481
2 0.229687 0.505556 0.016667 0.031481
2 0.256771 0.876852 0.016667 0.031481
2 0.227083 0.737963 0.016667 0.031481
2 0.316146 0.789815 0.016667 0.031481
2 0.335938 0.066667 0.016667 0.031481
2 0.216146 0.762037 0.016667 0.031481
2 0.161458 0.576852 0.016667 0.031481
2 0.581250 0.072222 0.016667 0.031481
2 0.253646 0.562963 0.016667 0.031481
2 0.284375 0.463889 0.016667 0.031481
2 0.159375 0.782407 0.016667 0.031481
2 0.848698 0.974537 0.023438 0.037963
2 0.815885 0.973611 0.023438 0.037963
2 0.734115 0.593056 0.023438 0.037963
2 0.600781 0.611574 0.023438 0.037963
2 0.480990 0.567130 0.023438 0.037963
2 0.721615 0.597685 0.023438 0.037963
2 0.973698 0.645833 0.023438 0.037963
2 0.746094 0.575463 0.023438 0.037963
2 0.469010 0.552315 0.023438 0.037963
1 0.687334 0.443800 0.064032 0.038114
1 0.199154 0.791217 0.021307 0.038624
1 0.021608 0.813566 0.021074 0.033955
1 0.449730 0.835952 0.017016 0.047181
