0 0.377107 0.502754 0.039191 0.125999
5 0.324479 0.139815 0.032292 0.042593
5 0.389062 0.139352 0.032292 0.049074
2 0.419531 0.517593 0.023438 0.038889
2 0.651563 0.056019 0.021875 0.037963
2 0.434896 0.522685 0.021875 0.037963
2 0.375521 0.456019 0.021875 0.037963
2 0.861719 0.545370 0.018229 0.031481
2 0.832292 0.787037 0.016667 0.031481
2 0.853125 0.781481 0.016667 0.031481
2 0.900000 0.874074 0.022917 0.038889
2 0.823958 0.677778 0.016667 0.031481
2 0.816146 0.577778 0.016667 0.031481
2 0.902083 0.560185 0.016667 0.031481
2 0.829688 0.720370 0.016667 0.031481
2 0.873437 0.566667 0.016667 0.031481
2 0.964583 0.525000 0.016667 0.031481
2 0.869792 0.583333 0.016667 0.031481
2 0.917708 0.600926 0.016667 0.031481
2 0.834375 0.582407 0.016667 0.031481
2 0.851562 0.576852 0.016667 0.031481
2 0.866146 0.600000 0.016667 0.031481
2 0.923177 0.744444 0.018229 0.031481
2 0.953906 0.549074 0.018229 0.031481
2 0.919531 0.718519 0.018229 0.031481
2 0.919531 0.507407 0.018229 0.031481
2 0.839063 0.669444 0.016667 0.031481
2 0.917708 0.736111 0.016667 0.031481
2 0.950521 0.563889 0.016667 0.031481
2 0.420833 0.872222 0.016667 0.031481
2 0.929167 0.724074 0.016667 0.031481
2 0.631250 0.144444 0.016667 0.031481
2 0.301563 0.612963 0.016667 0.031481
2 0.696875 0.535185 0.016667 0.031481
2 0.763021 0.144444 0.016667 0.031481
2 0.433333 0.144444 0.016667 0.031481
2 0.906250 0.757407 0.016667 0.031481
2 0.959375 0.435185 0.016667 0.031481
2 0.974479 0.464815 0.016667 0.031481
2 0.847396 0.708333 0.016667 0.031481
2 0.050521 0.885185 0.016667 0.031481
2 0.848698 0.974537 0.023438 0.037963
2 0.193490 0.627315 0.023438 0.037963
2 0.815885 0.973611 0.023438 0.037963
2 0.039844 0.376389 0.023438 0.037963
2 0.721615 0.792130 0.023438 0.037963
2 0.653385 0.567130 0.023438 0.037963
2 0.093490 0.537500 0.023438 0.037963
2 0.687760 0.784722 0.023438 0.037963
2 0.401302 0.867130 0.023438 0.037963
2 0.050781 0.601389 0.023438 0.037963
2 0.180990 0.631019 0.023438 0.037963
2 0.641406 0.553241 0.023438 0.037963
2 0.846094 0.853241 0.023438 0.037963
2 0.204948 0.610648 0.023438 0.037963
1 0.219212 0.053128 0.050033 0.042180
1 0.485589 0.522624 0.047636 0.037492
1 0.384292 0.055560 0.044734 0.038644
1 0.257181 0.056981 0.055405 0.038309
