1 0.634375 0.030093 0.063542 0.037963
1 0.145052 0.502315 0.063021 0.037963
1 0.263021 0.505093 0.058333 0.037963
1 0.133333 0.271759 0.058333 0.037963
1 0.945833 0.036574 0.058333 0.037963
1 0.066406 0.506944 0.060937 0.037963
1 0.196094 0.506944 0.063021 0.037963
1 0.585938 0.035648 0.063542 0.037963
1 0.397135 0.818056 0.060937 0.037963
1 0.859375 0.033796 0.058333 0.037963
1 0.148698 0.815278 0.020313 0.036111
2 0.205208 0.229630 0.016667 0.031481
5 0.938802 0.492130 0.035937 0.063889
5 0.569010 0.493981 0.035937 0.063889
5 0.928385 0.269444 0.020313 0.042593
5 0.457813 0.804630 0.027083 0.066667
5 0.186979 0.262037 0.030208 0.048148
5 0.259375 0.265741 0.030208 0.048148
5 0.283073 0.223611 0.048438 0.084259
5 0.922917 0.120370 0.032292 0.042593
