0 0.426563 0.587500 0.052083 0.137963
5 0.360677 0.558796 0.021354 0.047222
2 0.289062 0.591204 0.021875 0.037963
2 0.388542 0.587963 0.022917 0.038889
2 0.400260 0.555556 0.023438 0.038889
2 0.257292 0.591667 0.023958 0.038889
2 0.271354 0.588426 0.021875 0.037963
2 0.415104 0.587500 0.021875 0.037963
2 0.319792 0.597222 0.016667 0.031481
2 0.412240 0.537037 0.023438 0.038889
2 0.338802 0.682407 0.018229 0.031481
2 0.440625 0.680556 0.016667 0.031481
2 0.396094 0.692593 0.018229 0.031481
2 0.111458 0.289815 0.016667 0.031481
2 0.177083 0.680556 0.016667 0.031481
2 0.848698 0.974537 0.023438 0.037963
2 0.819531 0.760648 0.023438 0.037963
2 0.815885 0.973611 0.023438 0.037963
2 0.512760 0.711574 0.023438 0.037963
2 0.262240 0.688426 0.023438 0.037963
2 0.830990 0.744907 0.023438 0.037963
2 0.719531 0.671759 0.023438 0.037963
2 0.503906 0.720833 0.023438 0.037963
2 0.806510 0.765278 0.023438 0.037963
2 0.676823 0.734722 0.023438 0.037963
2 0.337240 0.720833 0.023438 0.037963
1 0.090225 0.584677 0.061606 0.037613
