0 0.416180 0.777327 0.038164 0.111735
5 0.925521 0.221296 0.032292 0.042593
5 0.225521 0.217593 0.032292 0.042593
2 0.989583 0.056481 0.016667 0.031481
2 0.041667 0.787037 0.016667 0.031481
2 0.062500 0.781481 0.016667 0.031481
2 0.033333 0.677778 0.016667 0.031481
2 0.111458 0.560185 0.016667 0.031481
2 0.039062 0.720370 0.016667 0.031481
2 0.022917 0.584259 0.016667 0.031481
2 0.082292 0.569444 0.016667 0.031481
2 0.173958 0.525000 0.016667 0.031481
2 0.127083 0.600926 0.016667 0.031481
2 0.043229 0.584259 0.016667 0.031481
2 0.076042 0.597222 0.016667 0.031481
2 0.127083 0.731481 0.016667 0.031481
2 0.059896 0.581481 0.016667 0.031481
2 0.269010 0.743519 0.018229 0.031481
2 0.162760 0.550000 0.018229 0.031481
2 0.132031 0.750000 0.018229 0.031481
2 0.278906 0.738889 0.018229 0.031481
2 0.155990 0.707407 0.018229 0.031481
2 0.157031 0.876852 0.018229 0.031481
2 0.168229 0.533333 0.016667 0.031481
2 0.048438 0.669444 0.016667 0.031481
2 0.129688 0.505556 0.016667 0.031481
2 0.158854 0.566667 0.016667 0.031481
2 0.132292 0.767593 0.016667 0.031481
2 0.960417 0.144444 0.016667 0.031481
2 0.235937 0.066667 0.016667 0.031481
2 0.284375 0.887037 0.016667 0.031481
2 0.115625 0.757407 0.016667 0.031481
2 0.360938 0.875926 0.016667 0.031481
2 0.169271 0.436111 0.016667 0.031481
2 0.848698 0.974537 0.023438 0.037963
2 0.925260 0.472685 0.023438 0.037963
2 0.815885 0.973611 0.023438 0.037963
2 0.455990 0.567130 0.023438 0.037963
2 0.709115 0.593056 0.023438 0.037963
2 0.696094 0.597685 0.023438 0.037963
2 0.720573 0.577315 0.023438 0.037963
2 0.546094 0.606019 0.023438 0.037963
