0 0.422787 0.488730 0.037746 0.115123
5 0.060156 0.855556 0.021354 0.048148
2 0.955208 0.206481 0.023958 0.038889
2 0.859635 0.212963 0.018229 0.031481
2 0.764062 0.598148 0.016667 0.031481
2 0.783333 0.596759 0.021875 0.037963
2 0.749479 0.593981 0.021875 0.037963
2 0.777865 0.184259 0.023438 0.038889
2 0.044271 0.678704 0.016667 0.031481
2 0.014063 0.878704 0.016667 0.031481
2 0.151562 0.887037 0.016667 0.031481
2 0.041667 0.662037 0.016667 0.031481
2 0.033073 0.703704 0.018229 0.031481
2 0.009115 0.867593 0.018229 0.031481
2 0.027865 0.722222 0.018229 0.031481
2 0.071615 0.583333 0.018229 0.031481
2 0.009635 0.850926 0.018229 0.031481
2 0.520052 0.589815 0.018229 0.031481
2 0.126302 0.887037 0.018229 0.031481
2 0.132031 0.843519 0.018229 0.031481
2 0.010156 0.590741 0.018229 0.031481
2 0.008333 0.886111 0.016667 0.031481
2 0.830729 0.298148 0.016667 0.031481
2 0.137500 0.835185 0.016667 0.031481
2 0.054167 0.618519 0.016667 0.031481
2 0.655208 0.564815 0.016667 0.031481
2 0.043750 0.696296 0.016667 0.031481
2 0.038542 0.587963 0.016667 0.031481
2 0.614583 0.383333 0.016667 0.031481
2 0.039062 0.636111 0.016667 0.031481
2 0.685937 0.567593 0.016667 0.031481
2 0.848698 0.974537 0.023438 0.037963
2 0.815885 0.973611 0.023438 0.037963
2 0.798177 0.630093 0.023438 0.037963
2 0.420052 0.600463 0.023438 0.037963
2 0.822135 0.663426 0.023438 0.037963
2 0.915365 0.574537 0.023438 0.037963
2 0.946094 0.694907 0.023438 0.037963
2 0.964844 0.688426 0.023438 0.037963
2 0.872656 0.638426 0.023438 0.037963
2 0.431510 0.603241 0.023438 0.037963
2 0.432031 0.623611 0.023438 0.037963
2 0.371615 0.764352 0.023438 0.037963
2 0.966927 0.606019 0.023438 0.037963
2 0.684635 0.601389 0.023438 0.037963
2 0.845052 0.668056 0.023438 0.037963
2 0.500260 0.601389 0.023438 0.037963
2 0.765365 0.378241 0.023438 0.037963
2 0.799219 0.582870 0.023438 0.037963
2 0.561719 0.601389 0.023438 0.037963
2 0.929948 0.578241 0.023438 0.037963
2 0.617448 0.778241 0.023438 0.037963
