1 0.660156 0.033796 0.060937 0.037963
1 0.224479 0.498611 0.063542 0.037963
1 0.145573 0.502315 0.063021 0.037963
1 0.326823 0.506944 0.060937 0.037963
1 0.066927 0.506944 0.060937 0.037963
1 0.496094 0.809722 0.020313 0.036111
1 0.150260 0.814352 0.020313 0.036111
5 0.939063 0.493519 0.037500 0.061111
5 0.570052 0.493981 0.035937 0.063889
5 0.351042 0.124074 0.044792 0.075926
5 0.928906 0.269444 0.020313 0.042593
5 0.227865 0.431944 0.032813 0.047222
5 0.260677 0.194907 0.048438 0.084259
5 0.215365 0.261574 0.032813 0.050926
5 0.285677 0.257870 0.032813 0.050926
