0 0.534784 0.484913 0.039284 0.120507
5 0.579427 0.466204 0.025521 0.071296
2 0.042188 0.505093 0.021875 0.037963
2 0.008333 0.515741 0.016667 0.031481
2 0.505729 0.678704 0.016667 0.031481
2 0.242188 0.600000 0.016667 0.031481
2 0.967187 0.600000 0.016667 0.031481
2 0.110417 0.600000 0.016667 0.031481
2 0.760417 0.737037 0.016667 0.031481
2 0.848698 0.974537 0.023438 0.037963
2 0.037760 0.837500 0.023438 0.037963
2 0.815885 0.973611 0.023438 0.037963
2 0.775781 0.779167 0.023438 0.037963
2 0.522656 0.753241 0.023438 0.037963
2 0.763281 0.783796 0.023438 0.037963
2 0.049219 0.821759 0.023438 0.037963
2 0.788281 0.763426 0.023438 0.037963
2 0.510677 0.738426 0.023438 0.037963
2 0.487760 0.710648 0.023438 0.037963
2 0.024740 0.842130 0.023438 0.037963
1 0.863265 0.511742 0.052040 0.038509
1 0.719266 0.510448 0.046242 0.037514
1 0.762318 0.509689 0.064706 0.039575
1 0.111458 0.892211 0.035888 0.020719
1 0.819271 0.510066 0.060387 0.038132
