0 0.476337 0.501438 0.038138 0.117484
5 0.432292 0.500000 0.027083 0.064815
2 0.640365 0.520370 0.023438 0.038889
2 0.330208 0.514352 0.021875 0.037963
2 0.294792 0.524074 0.016667 0.031481
2 0.309896 0.518056 0.021875 0.037963
2 0.185156 0.416667 0.018229 0.031481
2 0.688802 0.752778 0.018229 0.031481
2 0.398438 0.606481 0.016667 0.031481
2 0.530208 0.606481 0.016667 0.031481
2 0.793750 0.684259 0.016667 0.031481
2 0.182812 0.447222 0.016667 0.031481
2 0.201563 0.446296 0.016667 0.031481
2 0.169271 0.413889 0.016667 0.031481
2 0.709375 0.690741 0.016667 0.031481
2 0.831771 0.737037 0.016667 0.031481
2 0.848698 0.974537 0.023438 0.037963
2 0.124219 0.838426 0.023438 0.037963
2 0.815885 0.973611 0.023438 0.037963
2 0.847656 0.780093 0.023438 0.037963
2 0.594531 0.755093 0.023438 0.037963
2 0.835156 0.784722 0.023438 0.037963
2 0.136198 0.823611 0.023438 0.037963
2 0.582552 0.740278 0.023438 0.037963
2 0.859635 0.764352 0.023438 0.037963
2 0.024219 0.749537 0.023438 0.037963
2 0.111198 0.842130 0.023438 0.037963
2 0.012240 0.858796 0.023438 0.037963
1 0.974759 0.514758 0.037239 0.036510
