0 0.559471 0.499974 0.055292 0.110854
5 0.486979 0.212963 0.032292 0.042593
5 0.210938 0.208333 0.032292 0.042593
2 0.926042 0.511574 0.021875 0.037963
2 0.577083 0.114352 0.021875 0.037963
2 0.677083 0.513426 0.021875 0.037963
2 0.691667 0.509259 0.022917 0.038889
2 0.766146 0.438889 0.016667 0.031481
2 0.658333 0.603704 0.016667 0.031481
2 0.509115 0.665741 0.018229 0.031481
2 0.592187 0.212963 0.016667 0.031481
2 0.588802 0.658333 0.018229 0.031481
2 0.577344 0.664815 0.018229 0.031481
2 0.394792 0.212963 0.016667 0.031481
2 0.921875 0.603704 0.016667 0.031481
2 0.570312 0.611111 0.016667 0.031481
2 0.837500 0.610185 0.016667 0.031481
2 0.619271 0.655556 0.016667 0.031481
2 0.614062 0.645370 0.016667 0.031481
2 0.779167 0.612963 0.016667 0.031481
2 0.848698 0.974537 0.023438 0.037963
2 0.613281 0.694907 0.023438 0.037963
2 0.815885 0.973611 0.023438 0.037963
2 0.790365 0.746759 0.023438 0.037963
2 0.632031 0.693981 0.023438 0.037963
2 0.378385 0.668981 0.023438 0.037963
2 0.405990 0.717130 0.023438 0.037963
2 0.917969 0.761574 0.023438 0.037963
2 0.425781 0.698611 0.023438 0.037963
2 0.851302 0.760648 0.023438 0.037963
2 0.643490 0.678241 0.023438 0.037963
2 0.366406 0.654167 0.023438 0.037963
2 0.874740 0.760648 0.023438 0.037963
2 0.859115 0.656019 0.023438 0.037963
2 0.820052 0.715278 0.023438 0.037963
1 0.972070 0.509362 0.055861 0.040224
1 0.834407 0.511212 0.060593 0.038102
1 0.486431 0.894981 0.035846 0.019115
