0 0.607864 0.566204 0.037602 0.125000
1 0.016068 0.563467 0.032136 0.073934
1 0.978261 0.569628 0.042218 0.061612
1 0.707624 0.565707 0.059231 0.069453
1 0.169401 0.574273 0.020820 0.056081
2 0.471084 0.579621 0.021875 0.040741
2 0.486827 0.582166 0.021875 0.040741
2 0.517359 0.584710 0.021875 0.040741
2 0.588918 0.582166 0.021875 0.040741
2 0.603707 0.577077 0.021875 0.040741
2 0.662863 0.583862 0.021875 0.040741
2 0.763523 0.581318 0.021875 0.040741
2 0.784991 0.580470 0.021875 0.040741
2 0.946462 0.579518 0.021875 0.040741
5 0.549219 0.569907 0.040104 0.063889
