0 0.420371 0.567130 0.036340 0.125000
1 0.679893 0.570370 0.068119 0.070370
1 0.045369 0.500735 0.091997 0.201638
2 0.478732 0.529603 0.022693 0.044428
2 0.485788 0.580833 0.021875 0.040741
2 0.500244 0.582772 0.021875 0.040741
2 0.530521 0.581802 0.021875 0.040741
2 0.603348 0.583742 0.021875 0.040741
2 0.619169 0.575014 0.021875 0.040741
2 0.676449 0.582772 0.021875 0.040741
2 0.778189 0.579378 0.021875 0.040741
2 0.799737 0.580833 0.021875 0.040741
2 0.963267 0.580838 0.021875 0.040741
5 0.575521 0.570833 0.041667 0.062037
