0 0.519153 0.567068 0.037659 0.126771
1 0.705208 0.566667 0.035417 0.070370
1 0.272917 0.568519 0.060417 0.070370
1 0.429688 0.566667 0.059375 0.074074
1 0.119271 0.501852 0.128125 0.200000
1 0.976193 0.567903 0.046374 0.071718
2 0.647135 0.580556 0.023438 0.038889
2 0.627083 0.588889 0.016667 0.031481
2 0.547396 0.588889 0.016667 0.031481
2 0.125521 0.587037 0.016667 0.031481
2 0.983333 0.584259 0.021875 0.040741
2 0.532292 0.547222 0.021875 0.040741
2 0.469271 0.584259 0.021875 0.040741
4 0.754151 0.508395 0.050410 0.143387
4 0.074039 0.556186 0.042218 0.088497
