0 0.704706 0.571216 0.035590 0.124178
0 0.981784 0.580996 0.035835 0.095591
1 0.602419 0.504387 0.113009 0.195440
1 0.393396 0.504326 0.118965 0.197843
1 0.946231 0.500733 0.107434 0.198499
1 0.280757 0.501240 0.122330 0.189959
1 0.717108 0.504773 0.116219 0.188004
1 0.027904 0.504503 0.054104 0.193811
1 0.792844 0.570126 0.058437 0.066147
1 0.179407 0.506487 0.081652 0.189527
2 0.278868 0.581952 0.023120 0.038646
2 0.130819 0.474514 0.013713 0.021974
2 0.708348 0.041321 0.022230 0.034769
5 0.622397 0.578198 0.023344 0.059446
5 0.552366 0.577638 0.025868 0.062811
5 0.734700 0.582124 0.019558 0.038135
5 0.953628 0.587171 0.022082 0.030284
