0 0.370878 0.566204 0.036751 0.125000
1 0.460907 0.568519 0.053066 0.074074
1 0.200346 0.569250 0.021350 0.070370
1 0.412728 0.555065 0.030246 0.041448
2 0.321929 0.580838 0.021875 0.040741
2 0.492842 0.580838 0.021875 0.040741
2 0.509021 0.577888 0.021875 0.040741
2 0.537644 0.580838 0.021875 0.040741
2 0.557142 0.580101 0.021875 0.040741
2 0.611485 0.578626 0.021875 0.040741
2 0.626976 0.581576 0.021329 0.040741
2 0.707731 0.584621 0.021875 0.040741
2 0.785413 0.583157 0.021875 0.040741
2 0.855958 0.581205 0.021875 0.040741
2 0.928973 0.582669 0.021875 0.040741
2 0.970696 0.583157 0.021875 0.040741
