0 0.868106 0.565600 0.034968 0.124074
1 0.319271 0.568519 0.042708 0.066667
1 0.260417 0.573148 0.072917 0.064815
1 0.127083 0.500926 0.131250 0.201852
1 0.483854 0.534259 0.063542 0.075926
1 0.092188 0.568519 0.059375 0.074074
1 0.808899 0.570370 0.058845 0.070370
1 0.709896 0.568519 0.059375 0.074074
1 0.753623 0.473850 0.115942 0.145628
1 0.978891 0.565707 0.045999 0.071694
2 0.662500 0.582407 0.021875 0.040741
2 0.604167 0.579630 0.021875 0.040741
2 0.483333 0.580556 0.021875 0.040741
2 0.745833 0.537037 0.016667 0.031481
5 0.741009 0.574273 0.043533 0.065054
