0 0.599635 0.571148 0.050521 0.124074
1 0.227083 0.503704 0.129167 0.196296
1 0.896875 0.566667 0.035417 0.070370
1 0.707812 0.560185 0.044792 0.072222
1 0.960417 0.570370 0.060417 0.070370
1 0.780729 0.565741 0.063542 0.075926
1 0.824479 0.463889 0.063542 0.075926
1 0.403125 0.570370 0.068750 0.070370
1 0.490104 0.504630 0.128125 0.194444
1 0.331771 0.568519 0.059375 0.074074
1 0.077083 0.571296 0.070833 0.064815
1 0.815625 0.573148 0.072917 0.064815
1 0.671354 0.568519 0.059375 0.074074
1 0.373437 0.565741 0.063542 0.075926
