0 0.370514 0.567130 0.037903 0.125000
1 0.584040 0.573148 0.052753 0.064815
2 0.321514 0.581576 0.021875 0.040741
2 0.493672 0.582313 0.021875 0.040741
2 0.509850 0.577888 0.021875 0.040741
2 0.539304 0.581576 0.021875 0.040741
2 0.555897 0.580838 0.021875 0.040741
2 0.610241 0.577888 0.021875 0.040741
2 0.627249 0.583051 0.021875 0.040741
2 0.683667 0.577151 0.021875 0.040741
2 0.708557 0.583788 0.021875 0.040741
2 0.724474 0.590214 0.019693 0.035892
2 0.905007 0.581816 0.021875 0.040741
2 0.929012 0.583523 0.021875 0.040741
