0 0.820231 0.548902 0.038863 0.124074
1 0.701042 0.571296 0.070833 0.064815
1 0.444271 0.495370 0.044792 0.072222
1 0.383333 0.573148 0.072917 0.064815
1 0.245312 0.567593 0.065625 0.072222
1 0.915625 0.570370 0.060417 0.070370
1 0.126562 0.503704 0.128125 0.196296
1 0.473958 0.566667 0.035417 0.070370
1 0.315625 0.573148 0.072917 0.064815
1 0.088021 0.565741 0.063542 0.075926
1 0.691146 0.502778 0.128125 0.198148
1 0.974766 0.570905 0.050204 0.064815
1 0.863264 0.570188 0.040328 0.058251
2 0.662500 0.583333 0.021875 0.040741
2 0.604167 0.582407 0.021875 0.040741
2 0.483333 0.585185 0.021875 0.040741
5 0.758360 0.569225 0.035331 0.061689
