0 0.786077 0.570748 0.034643 0.119863
1 0.727619 0.566667 0.032262 0.070370
1 0.277583 0.574270 0.053990 0.064815
1 0.054815 0.504098 0.115942 0.199398
1 0.475425 0.551124 0.034657 0.035804
2 0.517732 0.583051 0.021875 0.040741
2 0.593232 0.581576 0.021875 0.040741
2 0.605678 0.578626 0.021875 0.040741
2 0.487864 0.581576 0.021875 0.040741
2 0.472515 0.580838 0.021875 0.040741
2 0.834013 0.585285 0.021875 0.040741
2 0.949090 0.579476 0.021875 0.040741
2 0.763224 0.580767 0.021875 0.040741
2 0.783553 0.551726 0.021875 0.040741
