0 0.466053 0.569565 0.037919 0.118279
1 0.362118 0.570370 0.061179 0.070370
1 0.023940 0.574669 0.046619 0.058251
1 0.427445 0.572590 0.035962 0.059446
1 0.789718 0.568507 0.027449 0.067342
1 0.887026 0.571923 0.053526 0.065391
2 0.494071 0.583353 0.019082 0.044249
2 0.509420 0.585196 0.020742 0.043512
2 0.537836 0.580771 0.021157 0.042037
2 0.556116 0.580820 0.021157 0.042037
2 0.318901 0.583862 0.021875 0.040741
2 0.611817 0.582166 0.021875 0.040741
2 0.627083 0.580470 0.021875 0.040741
2 0.682422 0.584710 0.021875 0.040741
2 0.708184 0.577925 0.021875 0.040741
2 0.723244 0.584345 0.018602 0.034922
2 0.786675 0.576992 0.021875 0.040741
2 0.805044 0.584413 0.021875 0.040741
2 0.905391 0.582308 0.021875 0.040741
4 0.752354 0.572435 0.041571 0.116491
5 0.514605 0.571922 0.034431 0.065636
