0 0.935162 0.568127 0.034748 0.121155
1 0.127083 0.503704 0.129167 0.196296
1 0.531771 0.565741 0.063542 0.075926
1 0.251563 0.565741 0.063542 0.075926
1 0.465625 0.570370 0.068750 0.070370
1 0.610938 0.568519 0.059375 0.074074
1 0.868620 0.503538 0.119086 0.196030
1 0.978261 0.551705 0.043478 0.086256
1 0.020479 0.571309 0.042218 0.062732
2 0.781510 0.588889 0.018229 0.031481
2 0.662500 0.583333 0.021875 0.040741
2 0.483333 0.584259 0.021875 0.040741
2 0.604167 0.582407 0.021875 0.040741
5 0.851420 0.575955 0.038486 0.070662
