0 0.560417 0.454630 0.037500 0.118519
1 0.367448 0.547685 0.046354 0.071296
1 0.264844 0.547685 0.046354 0.071296
1 0.677344 0.537963 0.045312 0.083333
1 0.798698 0.237963 0.041146 0.066667
1 0.755469 0.236574 0.041146 0.067593
1 0.717969 0.544444 0.046354 0.075926
1 0.920573 0.561111 0.025521 0.044444
1 0.463281 0.561111 0.028646 0.044444
1 0.612240 0.861574 0.045312 0.069444
1 0.648177 0.874074 0.025521 0.044444
1 0.373177 0.874074 0.025521 0.044444
1 0.578906 0.847222 0.046354 0.087037
1 0.505729 0.862963 0.051042 0.066667
1 0.063281 0.534259 0.046354 0.087037
