0 0.462240 0.569907 0.038021 0.115741
1 0.317969 0.255093 0.041146 0.067593
1 0.628906 0.555556 0.045312 0.083333
1 0.226042 0.566204 0.046875 0.071296
1 0.459115 0.255556 0.041146 0.066667
1 0.252865 0.401852 0.045312 0.083333
1 0.505208 0.861111 0.039583 0.079630
1 0.344010 0.555556 0.045312 0.083333
1 0.132031 0.846296 0.046354 0.109259
1 0.302083 0.579630 0.027083 0.044444
1 0.672135 0.566667 0.048438 0.070370
1 0.052865 0.846296 0.046354 0.109259
1 0.551042 0.891667 0.030208 0.044444
1 0.400260 0.891667 0.025521 0.044444
1 0.253906 0.891667 0.028646 0.044444
1 0.804657 0.876998 0.035420 0.054020
1 0.679682 0.266646 0.028614 0.050841
