0 0.511198 0.557407 0.055729 0.109259
1 0.225781 0.550463 0.046354 0.071296
1 0.302344 0.540741 0.045312 0.083333
1 0.654427 0.239352 0.041146 0.067593
1 0.688802 0.540741 0.045312 0.083333
1 0.696094 0.239352 0.041146 0.067593
1 0.875521 0.563889 0.030208 0.044444
1 0.609635 0.875926 0.025521 0.044444
1 0.334115 0.875926 0.025521 0.044444
1 0.461458 0.866204 0.046875 0.063889
1 0.043229 0.630556 0.051042 0.066667
1 0.653125 0.845370 0.039583 0.079630
1 0.874479 0.866204 0.046875 0.063889
1 0.436458 0.866204 0.046875 0.063889
1 0.992245 0.563146 0.015510 0.044314
