1 0.729427 0.253241 0.046354 0.071296
1 0.380990 0.191667 0.045312 0.083333
1 0.630990 0.200926 0.045312 0.083333
1 0.217188 0.266667 0.030208 0.044444
1 0.129688 0.253241 0.046875 0.071296
1 0.892708 0.555556 0.044792 0.092593
1 0.146094 0.579630 0.025521 0.044444
1 0.935937 0.571759 0.043750 0.060185
1 0.582552 0.568056 0.050521 0.063889
1 0.288021 0.571759 0.043750 0.060185
1 0.589323 0.255556 0.045312 0.066667
1 0.377604 0.571759 0.043750 0.060185
1 0.973958 0.571759 0.043750 0.060185
1 0.263021 0.568519 0.051042 0.066667
1 0.420713 0.579343 0.021135 0.043948
