0 0.438021 0.575000 0.037500 0.111111
1 0.222135 0.256019 0.046354 0.071296
1 0.430990 0.253704 0.046354 0.075926
1 0.313802 0.269444 0.025521 0.044444
1 0.288802 0.269444 0.025521 0.044444
1 0.138281 0.582407 0.028646 0.044444
1 0.847396 0.582407 0.027083 0.044444
1 0.953906 0.582407 0.025521 0.044444
1 0.080469 0.582407 0.025521 0.044444
1 0.805208 0.570370 0.041667 0.064815
1 0.458594 0.582407 0.025521 0.044444
1 0.759115 0.269444 0.025521 0.044444
1 0.252083 0.269444 0.027083 0.044444
1 0.731510 0.258333 0.045312 0.066667
1 0.622895 0.256693 0.046466 0.071097
1 0.990175 0.270529 0.019117 0.042585
1 0.645690 0.581518 0.028801 0.044737
