0 0.505729 0.585185 0.037500 0.118519
1 0.660156 0.269907 0.046354 0.071296
1 0.266406 0.268519 0.046354 0.075926
1 0.893750 0.586574 0.046875 0.063889
1 0.356510 0.596296 0.025521 0.044444
1 0.158333 0.586111 0.041667 0.064815
1 0.673698 0.596296 0.025521 0.044444
1 0.132031 0.569444 0.046354 0.087037
1 0.767708 0.586111 0.041667 0.064815
1 0.859375 0.565741 0.039583 0.079630
1 0.725781 0.273148 0.045312 0.066667
1 0.028125 0.586111 0.041667 0.064815
1 0.941146 0.586111 0.041667 0.064815
1 0.712240 0.594907 0.026562 0.047222
1 0.593229 0.585185 0.051042 0.066667
1 0.811457 0.588611 0.040383 0.061578
1 0.051646 0.277128 0.036296 0.029538
1 0.360479 0.289977 0.028614 0.033642
