1 0.719531 0.253704 0.046354 0.075926
1 0.369531 0.256019 0.046354 0.071296
1 0.521875 0.256019 0.046875 0.071296
1 0.198698 0.256019 0.046354 0.071296
1 0.259375 0.269444 0.027083 0.044444
1 0.099219 0.536111 0.046354 0.109259
1 0.879167 0.574537 0.043750 0.060185
1 0.410938 0.574537 0.043750 0.060185
1 0.283854 0.574537 0.043750 0.060185
1 0.203906 0.486111 0.046354 0.087037
1 0.579427 0.258333 0.045312 0.066667
1 0.174479 0.570370 0.051042 0.066667
1 0.967448 0.536111 0.046354 0.109259
1 0.979167 0.572222 0.041667 0.064815
