0 0.464323 0.586111 0.055729 0.109259
1 0.367448 0.266204 0.046354 0.071296
1 0.322656 0.263889 0.046354 0.075926
1 0.220833 0.279630 0.027083 0.044444
1 0.870833 0.592593 0.027083 0.044444
1 0.627344 0.565741 0.046354 0.087037
1 0.738281 0.565741 0.046354 0.087037
1 0.148438 0.581481 0.051042 0.066667
1 0.115885 0.431481 0.046354 0.087037
1 0.113542 0.562037 0.039583 0.079630
1 0.720313 0.279630 0.027083 0.044444
1 0.289062 0.584722 0.043750 0.060185
1 0.614323 0.595370 0.046354 0.087037
1 0.658993 0.267150 0.046214 0.070579
1 0.983120 0.573315 0.033761 0.080584
