0 0.546354 0.568981 0.037500 0.117593
1 0.307292 0.253241 0.046875 0.071296
1 0.697656 0.250926 0.046354 0.075926
1 0.892969 0.579630 0.025521 0.044444
1 0.205990 0.266667 0.028646 0.044444
1 0.391146 0.266667 0.027083 0.044444
1 0.513542 0.253241 0.046875 0.071296
1 0.397396 0.579630 0.030208 0.044444
1 0.877865 0.552778 0.046354 0.087037
1 0.421615 0.569907 0.050521 0.063889
1 0.050781 0.579630 0.025521 0.044444
1 0.930469 0.266667 0.025521 0.044444
1 0.597917 0.255556 0.044792 0.066667
1 0.650803 0.576166 0.043339 0.058457
