0 0.520833 0.388889 0.037500 0.118519
1 0.675781 0.475000 0.045312 0.083333
1 0.620052 0.475000 0.045312 0.083333
1 0.376302 0.174537 0.041146 0.067593
1 0.299740 0.483333 0.046354 0.075926
1 0.770052 0.483333 0.046354 0.075926
1 0.782552 0.174537 0.041146 0.067593
1 0.843490 0.175000 0.041146 0.066667
1 0.238021 0.716667 0.051042 0.066667
1 0.955990 0.499074 0.025521 0.044444
1 0.560677 0.483333 0.046354 0.075926
1 0.378906 0.811111 0.025521 0.044444
1 0.604167 0.803241 0.043750 0.060185
1 0.472396 0.800000 0.051042 0.066667
1 0.395573 0.499074 0.028646 0.044444
1 0.709375 0.803241 0.043750 0.060185
1 0.683594 0.811111 0.025521 0.044444
