0 0.470052 0.571759 0.041146 0.112037
1 0.327344 0.255093 0.041146 0.067593
1 0.345573 0.505556 0.045312 0.083333
1 0.453906 0.255093 0.041146 0.067593
1 0.536719 0.486111 0.045312 0.083333
1 0.128906 0.555556 0.045312 0.083333
1 0.124479 0.861111 0.039583 0.079630
1 0.678906 0.831481 0.046354 0.087037
1 0.088281 0.864815 0.046354 0.087037
1 0.311458 0.579630 0.027083 0.044444
1 0.649219 0.568519 0.045312 0.066667
1 0.392969 0.891667 0.025521 0.044444
1 0.294010 0.891667 0.025521 0.044444
1 0.811979 0.849074 0.051042 0.066667
1 0.864062 0.883796 0.043750 0.060185
1 0.191739 0.877636 0.037153 0.053927
