0 0.511198 0.571759 0.041146 0.112037
1 0.257552 0.250926 0.046354 0.075926
1 0.600781 0.266667 0.025521 0.044444
1 0.174740 0.579630 0.025521 0.044444
1 0.133073 0.552778 0.046354 0.087037
1 0.745052 0.266667 0.025521 0.044444
1 0.111719 0.579630 0.025521 0.044444
1 0.742969 0.579630 0.025521 0.044444
1 0.137240 0.579630 0.025521 0.044444
1 0.571875 0.568519 0.051042 0.066667
1 0.546615 0.533333 0.046354 0.109259
1 0.313281 0.255556 0.045312 0.066667
1 0.356362 0.579273 0.033139 0.044708
1 0.033551 0.275264 0.023476 0.027966
