0 0.539062 0.570370 0.037500 0.114815
1 0.605469 0.255093 0.041146 0.067593
1 0.115365 0.565278 0.046354 0.071296
1 0.653906 0.255556 0.041146 0.066667
1 0.165625 0.566204 0.046875 0.071296
1 0.323177 0.255556 0.041146 0.066667
1 0.727344 0.579630 0.025521 0.044444
1 0.809635 0.579630 0.028646 0.044444
1 0.332552 0.579630 0.028646 0.044444
1 0.367969 0.864815 0.046354 0.087037
1 0.439844 0.891667 0.025521 0.044444
1 0.638802 0.579630 0.025521 0.044444
1 0.817187 0.881944 0.046875 0.063889
1 0.855687 0.879007 0.043587 0.050948
