0 0.453385 0.473611 0.038021 0.112037
1 0.275521 0.568056 0.046875 0.071296
1 0.524219 0.257870 0.041146 0.067593
1 0.217448 0.257870 0.041146 0.067593
1 0.465885 0.258333 0.041146 0.066667
1 0.385677 0.582407 0.025521 0.044444
1 0.669010 0.582407 0.025521 0.044444
1 0.212240 0.568056 0.046354 0.071296
1 0.797396 0.780556 0.039583 0.079630
1 0.458594 0.867593 0.046354 0.087037
1 0.158594 0.582407 0.025521 0.044444
1 0.154688 0.863889 0.039583 0.079630
1 0.214844 0.894444 0.025521 0.044444
1 0.165365 0.894444 0.025521 0.044444
