1 0.519531 0.253241 0.046354 0.071296
1 0.656510 0.253241 0.046354 0.071296
1 0.748437 0.253241 0.046875 0.071296
1 0.276302 0.253241 0.046354 0.071296
1 0.218229 0.253241 0.046875 0.071296
1 0.375260 0.266667 0.028646 0.044444
1 0.608333 0.579630 0.027083 0.044444
1 0.171875 0.266667 0.030208 0.044444
1 0.467187 0.253704 0.046875 0.070370
1 0.248438 0.569907 0.046875 0.063889
1 0.350521 0.571759 0.043750 0.060185
1 0.661719 0.534259 0.046354 0.109259
1 0.170313 0.568519 0.041667 0.064815
1 0.433248 0.526610 0.041208 0.071298
1 0.712029 0.578809 0.024432 0.045930
1 0.877258 0.570933 0.038583 0.059621
