0 0.477083 0.568519 0.037500 0.118519
1 0.637240 0.255093 0.041146 0.067593
1 0.740885 0.255093 0.041146 0.067593
1 0.155469 0.566204 0.046354 0.071296
1 0.112240 0.556481 0.045312 0.083333
1 0.277344 0.255556 0.041146 0.066667
1 0.410938 0.565278 0.046875 0.071296
1 0.781510 0.579630 0.025521 0.044444
1 0.597917 0.579630 0.030208 0.044444
1 0.103906 0.846296 0.046354 0.109259
1 0.277865 0.891667 0.025521 0.044444
1 0.482031 0.891667 0.028646 0.044444
1 0.367969 0.891667 0.025521 0.044444
1 0.043229 0.881944 0.046875 0.063889
1 0.404167 0.880556 0.051042 0.066667
1 0.756771 0.867593 0.044792 0.092593
1 0.015197 0.787429 0.030289 0.073726
1 0.829394 0.879920 0.037348 0.049708
1 0.192409 0.568661 0.037249 0.067417
