0 0.547656 0.502315 0.038021 0.112037
1 0.419792 0.565278 0.046875 0.071296
1 0.379427 0.255093 0.041146 0.067593
1 0.205729 0.566204 0.046875 0.071296
1 0.709115 0.579630 0.025521 0.044444
1 0.548177 0.255556 0.041146 0.066667
1 0.846615 0.579630 0.025521 0.044444
1 0.495573 0.846296 0.046354 0.109259
1 0.114323 0.566667 0.048438 0.070370
1 0.383073 0.891667 0.025521 0.044444
1 0.171094 0.891667 0.025521 0.044444
1 0.340885 0.579630 0.025521 0.044444
1 0.620573 0.579630 0.025521 0.044444
1 0.513021 0.579630 0.027083 0.044444
