1 0.535417 0.253241 0.046875 0.071296
1 0.626302 0.253241 0.046354 0.071296
1 0.266406 0.253241 0.046354 0.071296
1 0.351302 0.579630 0.025521 0.044444
1 0.835677 0.552778 0.046354 0.087037
1 0.769792 0.569907 0.046875 0.063889
1 0.696875 0.255556 0.044792 0.066667
1 0.899479 0.555556 0.044792 0.092593
1 0.174740 0.392593 0.046354 0.087037
1 0.072396 0.571759 0.043750 0.060185
1 0.101042 0.568519 0.051042 0.066667
1 0.128646 0.579630 0.027083 0.044444
1 0.689814 0.583066 0.027574 0.042321
1 0.359574 0.270491 0.027572 0.034489
