0 0.455729 0.718981 0.037500 0.115741
1 0.789323 0.219907 0.041146 0.067593
1 0.869010 0.528704 0.046354 0.075926
1 0.615625 0.531019 0.046875 0.071296
1 0.581510 0.219907 0.041146 0.067593
1 0.735677 0.220370 0.041146 0.066667
1 0.496615 0.220370 0.041146 0.066667
1 0.301302 0.846759 0.050521 0.063889
1 0.559635 0.856481 0.025521 0.044444
1 0.604688 0.856481 0.027083 0.044444
1 0.242188 0.845833 0.046875 0.063889
1 0.865885 0.812037 0.046354 0.087037
1 0.379167 0.845370 0.051042 0.066667
1 0.963802 0.544444 0.025521 0.044444
1 0.458594 0.830556 0.046354 0.087037
1 0.176563 0.845370 0.051042 0.066667
1 0.777604 0.531481 0.046875 0.070370
1 0.471354 0.544444 0.027083 0.044444
