0 0.471615 0.557407 0.055729 0.109259
1 0.495052 0.153704 0.045312 0.083333
1 0.245573 0.175926 0.046354 0.075926
1 0.577083 0.575000 0.051042 0.066667
1 0.233333 0.273148 0.030208 0.044444
1 0.388021 0.576389 0.046875 0.063889
1 0.644531 0.250000 0.045312 0.083333
1 0.786198 0.260185 0.048438 0.070370
1 0.111198 0.586111 0.025521 0.044444
1 0.761198 0.273148 0.025521 0.044444
1 0.767448 0.573611 0.045312 0.069444
1 0.697135 0.262037 0.045312 0.066667
1 0.415885 0.273148 0.025521 0.044444
1 0.980208 0.582407 0.039583 0.079630
1 0.535184 0.592273 0.026353 0.033742
