0 0.738281 0.588889 0.055729 0.109259
1 0.672656 0.343981 0.046354 0.071296
1 0.212240 0.344907 0.046354 0.071296
1 0.841667 0.660185 0.041667 0.064815
1 0.124479 0.659259 0.051042 0.066667
1 0.083333 0.670370 0.027083 0.044444
1 0.334896 0.659259 0.051042 0.066667
1 0.714844 0.566667 0.046354 0.087037
1 0.239583 0.662500 0.043750 0.060185
1 0.527344 0.644444 0.046354 0.087037
1 0.795312 0.668981 0.027083 0.047222
1 0.620052 0.670370 0.025521 0.044444
1 0.961719 0.643519 0.046354 0.087037
1 0.595313 0.639815 0.039583 0.079630
1 0.748958 0.639815 0.039583 0.079630
1 0.616146 0.347222 0.044792 0.066667
1 0.502844 0.659008 0.038894 0.065121
1 0.007536 0.501611 0.015072 0.075171
1 0.691376 0.668709 0.028000 0.052320
1 0.770289 0.667202 0.034306 0.050319
