0 0.527604 0.430556 0.037500 0.111111
1 0.292448 0.523148 0.046354 0.075926
1 0.680469 0.515741 0.045312 0.083333
1 0.761719 0.523148 0.046354 0.075926
1 0.811198 0.215278 0.041146 0.067593
1 0.692448 0.215278 0.041146 0.067593
1 0.444792 0.538889 0.027083 0.044444
1 0.948698 0.538889 0.025521 0.044444
1 0.676302 0.851852 0.025521 0.044444
1 0.400781 0.851852 0.025521 0.044444
1 0.635938 0.840741 0.041667 0.064815
1 0.546354 0.840741 0.051042 0.066667
1 0.171875 0.684259 0.051042 0.066667
1 0.412760 0.527778 0.045312 0.066667
