0 0.446094 0.573148 0.055729 0.109259
1 0.387760 0.253241 0.046354 0.071296
1 0.552344 0.253241 0.046354 0.071296
1 0.701302 0.243519 0.045312 0.083333
1 0.336719 0.243519 0.045312 0.083333
1 0.219271 0.266667 0.030208 0.044444
1 0.598958 0.549074 0.039583 0.079630
1 0.880469 0.569907 0.050521 0.063889
1 0.505208 0.253704 0.046875 0.070370
1 0.200260 0.481481 0.046354 0.087037
1 0.531771 0.549074 0.039583 0.079630
1 0.141667 0.579630 0.027083 0.044444
1 0.953906 0.266667 0.028646 0.044444
1 0.685677 0.533333 0.046354 0.109259
1 0.283073 0.579630 0.025521 0.044444
