0 0.976042 0.742593 0.037500 0.112963
1 0.466927 0.250926 0.046354 0.075926
1 0.245833 0.172685 0.046875 0.071296
1 0.756510 0.250926 0.046354 0.075926
1 0.214323 0.266667 0.025521 0.044444
1 0.316927 0.579630 0.025521 0.044444
1 0.390104 0.555556 0.044792 0.092593
1 0.900000 0.549074 0.039583 0.079630
1 0.111719 0.579630 0.025521 0.044444
1 0.685417 0.549074 0.039583 0.079630
1 0.506771 0.568519 0.051042 0.066667
1 0.711198 0.266667 0.025521 0.044444
1 0.416406 0.266667 0.025521 0.044444
1 0.818315 0.255662 0.044987 0.066299
1 0.667110 0.255609 0.045789 0.067538
1 0.789020 0.577403 0.027206 0.047881
