1 0.634115 0.211111 0.045312 0.083333
1 0.257552 0.290741 0.046354 0.075926
1 0.543229 0.608796 0.046875 0.063889
1 0.294792 0.618519 0.030208 0.044444
1 0.616667 0.587963 0.039583 0.079630
1 0.885677 0.559259 0.046354 0.087037
1 0.838542 0.608333 0.041667 0.064815
1 0.152865 0.608796 0.050521 0.063889
1 0.205208 0.587963 0.039583 0.079630
1 0.773698 0.616667 0.025521 0.048148
1 0.105990 0.591667 0.046354 0.087037
1 0.665365 0.618519 0.025521 0.044444
1 0.697135 0.295370 0.045312 0.066667
1 0.037240 0.452315 0.050521 0.063889
1 0.934115 0.608796 0.050521 0.063889
1 0.020247 0.609061 0.039487 0.066496
1 0.480979 0.610921 0.033965 0.064388
