0 0.486719 0.496296 0.039062 0.114815
1 0.238021 0.253241 0.046875 0.071296
1 0.361198 0.250926 0.046354 0.075926
1 0.921354 0.579630 0.030208 0.044444
1 0.759896 0.266667 0.027083 0.044444
1 0.192708 0.485648 0.043750 0.060185
1 0.703125 0.571759 0.043750 0.060185
1 0.171875 0.266667 0.030208 0.044444
1 0.544531 0.534259 0.046354 0.109259
1 0.090885 0.552778 0.046354 0.087037
1 0.626042 0.253704 0.046875 0.070370
1 0.948438 0.555556 0.051042 0.066667
1 0.982586 0.561151 0.034828 0.080930
1 0.781910 0.578751 0.031175 0.048470
