0 0.576042 0.568981 0.037500 0.117593
1 0.662760 0.255093 0.041146 0.067593
1 0.461979 0.565278 0.046875 0.071296
1 0.890104 0.565278 0.046875 0.071296
1 0.367969 0.579630 0.025521 0.044444
1 0.236719 0.579630 0.025521 0.044444
1 0.053125 0.579630 0.030208 0.044444
1 0.966927 0.579630 0.025521 0.044444
1 0.796094 0.891667 0.025521 0.044444
1 0.333594 0.891667 0.025521 0.044444
1 0.488021 0.891667 0.027083 0.044444
1 0.120573 0.891667 0.025521 0.044444
1 0.469531 0.891667 0.025521 0.044444
1 0.217969 0.881944 0.050521 0.063889
1 0.449479 0.891667 0.030208 0.044444
