0 0.410677 0.571759 0.038021 0.112037
1 0.588802 0.255093 0.041146 0.067593
1 0.079427 0.566204 0.046354 0.071296
1 0.179948 0.255093 0.041146 0.067593
1 0.163542 0.565278 0.046875 0.071296
1 0.619010 0.255556 0.041146 0.066667
1 0.733073 0.579630 0.025521 0.044444
1 0.786719 0.712963 0.046354 0.087037
1 0.503646 0.579630 0.027083 0.044444
1 0.135677 0.864815 0.046354 0.087037
1 0.229427 0.891667 0.025521 0.044444
1 0.314323 0.891667 0.025521 0.044444
1 0.844271 0.881944 0.046875 0.063889
1 0.042448 0.872685 0.045312 0.069444
1 0.277344 0.579630 0.028646 0.044444
1 0.114639 0.568785 0.037165 0.065478
