1 0.234115 0.259722 0.046354 0.071296
1 0.452344 0.259722 0.046354 0.071296
1 0.697135 0.249074 0.045312 0.083333
1 0.277083 0.586111 0.027083 0.044444
1 0.121354 0.578241 0.043750 0.060185
1 0.047135 0.586111 0.028646 0.044444
1 0.234896 0.578241 0.043750 0.060185
1 0.949479 0.578241 0.043750 0.060185
1 0.154688 0.575000 0.051042 0.066667
1 0.060937 0.490741 0.051042 0.066667
1 0.633594 0.262037 0.045312 0.066667
1 0.757292 0.575000 0.041667 0.064815
1 0.327500 0.279921 0.029522 0.035877
1 0.591335 0.592366 0.024158 0.034679
