0 0.561719 0.566204 0.041146 0.112037
1 0.303385 0.560648 0.046354 0.071296
1 0.757292 0.560648 0.046875 0.071296
1 0.666406 0.250463 0.041146 0.067593
1 0.484375 0.574074 0.027083 0.044444
1 0.790365 0.574074 0.025521 0.044444
1 0.273698 0.560648 0.046354 0.071296
1 0.915365 0.574074 0.025521 0.044444
1 0.698698 0.860185 0.046354 0.087037
1 0.029167 0.644907 0.043750 0.060185
1 0.579427 0.887037 0.025521 0.044444
1 0.304427 0.887037 0.025521 0.044444
1 0.430729 0.875926 0.041667 0.064815
1 0.221615 0.562963 0.045312 0.066667
1 0.845573 0.876389 0.050521 0.063889
1 0.400719 0.875038 0.035496 0.061134
1 0.518443 0.576132 0.029078 0.043230
