0 0.507552 0.571759 0.041146 0.112037
1 0.417969 0.253241 0.046354 0.071296
1 0.213281 0.250926 0.046354 0.075926
1 0.687760 0.253241 0.046354 0.071296
1 0.184115 0.579630 0.025521 0.044444
1 0.802865 0.266667 0.025521 0.044444
1 0.883594 0.579630 0.025521 0.044444
1 0.442708 0.579630 0.027083 0.044444
1 0.283594 0.266667 0.028646 0.044444
1 0.075260 0.579630 0.025521 0.044444
1 0.581510 0.579630 0.028646 0.044444
1 0.376563 0.555556 0.044792 0.092593
1 0.335677 0.266667 0.025521 0.044444
1 0.935156 0.266667 0.025521 0.044444
1 0.798698 0.569907 0.050521 0.063889
1 0.614844 0.256481 0.045312 0.066667
1 0.993020 0.579521 0.013959 0.044383
