0 0.567969 0.602778 0.055729 0.109259
1 0.514844 0.326852 0.045312 0.083333
1 0.318229 0.332870 0.046875 0.071296
1 0.411198 0.346296 0.028646 0.044444
1 0.294271 0.648611 0.046875 0.063889
1 0.649740 0.659259 0.028646 0.044444
1 0.223958 0.648148 0.051042 0.066667
1 0.434115 0.648611 0.050521 0.063889
1 0.205990 0.492593 0.046354 0.087037
1 0.782813 0.647222 0.051042 0.066667
1 0.934635 0.659259 0.025521 0.044444
1 0.534635 0.632407 0.046354 0.087037
1 0.741927 0.335185 0.045312 0.066667
1 0.982201 0.651424 0.035599 0.060010
