0 0.556510 0.568056 0.038021 0.112037
1 0.657552 0.476852 0.045312 0.083333
1 0.907552 0.475463 0.046354 0.071296
1 0.555208 0.857407 0.039583 0.079630
1 0.921615 0.575926 0.025521 0.044444
1 0.883594 0.575926 0.028646 0.044444
1 0.225260 0.575926 0.028646 0.044444
1 0.114323 0.575926 0.025521 0.044444
1 0.827865 0.861111 0.046354 0.087037
1 0.280990 0.887963 0.025521 0.044444
1 0.515365 0.887963 0.025521 0.044444
1 0.305729 0.887963 0.027083 0.044444
1 0.155729 0.878241 0.046875 0.063889
1 0.329167 0.572685 0.030208 0.050926
1 0.750660 0.563884 0.049427 0.071807
