0 0.432389 0.751465 0.047889 0.130750
1 0.192969 0.303241 0.060937 0.037963
1 0.828906 0.308796 0.060937 0.037963
1 0.698438 0.306944 0.058333 0.037963
1 0.952083 0.543981 0.063542 0.037963
1 0.258854 0.537500 0.063542 0.037963
1 0.286719 0.308796 0.060937 0.037963
1 0.505208 0.306944 0.063542 0.037963
1 0.126302 0.543056 0.060937 0.037963
1 0.163281 0.545833 0.063021 0.037963
1 0.390365 0.074537 0.060937 0.037963
1 0.441146 0.074537 0.063542 0.037963
1 0.205469 0.540278 0.060937 0.037963
1 0.340885 0.069907 0.060937 0.037963
