1 0.831750 0.570370 0.033919 0.070370
1 0.518263 0.570370 0.039754 0.070370
0 0.368025 0.568324 0.037602 0.124074
1 0.060491 0.502415 0.117202 0.196037
2 0.493311 0.581351 0.021875 0.040741
2 0.539484 0.584558 0.021875 0.040741
2 0.556799 0.583917 0.021875 0.040741
2 0.611269 0.581993 0.021875 0.040741
2 0.628584 0.574938 0.021875 0.040741
2 0.684136 0.579428 0.021875 0.040741
2 0.708665 0.581351 0.021875 0.040741
2 0.786582 0.581993 0.021875 0.040741
2 0.807865 0.581351 0.021875 0.040741
2 0.854760 0.582634 0.021875 0.040741
2 0.929070 0.581351 0.021875 0.040741
