0 0.556009 0.566204 0.034858 0.125000
1 0.660182 0.565741 0.057864 0.075926
1 0.131366 0.567593 0.038530 0.072222
1 0.055766 0.501855 0.109011 0.199398
1 0.415244 0.565141 0.037801 0.068333
1 0.502520 0.565707 0.024575 0.067213
2 0.469196 0.580101 0.021875 0.040741
2 0.487449 0.581576 0.021875 0.040741
2 0.589084 0.583788 0.021875 0.040741
2 0.516902 0.583051 0.021875 0.040741
2 0.604848 0.574201 0.021875 0.040741
2 0.762901 0.580838 0.021875 0.040741
2 0.784057 0.582313 0.021875 0.040741
2 0.833008 0.583788 0.021875 0.040741
2 0.947503 0.581576 0.021875 0.040741
