1 0.375631 0.570174 0.053167 0.064815
1 0.828352 0.573148 0.054620 0.064815
1 0.743018 0.570370 0.047299 0.070370
1 0.325176 0.568519 0.047388 0.074074
0 0.436145 0.572567 0.037602 0.124074
1 0.521451 0.648300 0.014511 0.013460
2 0.494032 0.580069 0.021875 0.040741
2 0.510626 0.580710 0.021875 0.040741
2 0.538763 0.583275 0.021875 0.040741
2 0.557520 0.583275 0.021875 0.040741
2 0.611990 0.582634 0.021875 0.040741
2 0.684496 0.583917 0.021875 0.040741
2 0.708305 0.581351 0.021875 0.040741
2 0.786095 0.580767 0.021875 0.040741
2 0.855431 0.583349 0.021875 0.040741
2 0.928398 0.580122 0.021875 0.040741
2 0.628908 0.577888 0.018556 0.036316
