1 0.862786 0.570370 0.054739 0.070370
1 0.594785 0.571466 0.050835 0.061450
1 0.095113 0.573148 0.043931 0.064815
1 0.037492 0.502416 0.074984 0.204999
0 0.559243 0.561787 0.035893 0.126584
2 0.487916 0.582578 0.021875 0.040741
2 0.472232 0.583136 0.021875 0.040741
2 0.517401 0.577559 0.021875 0.040741
2 0.589547 0.583136 0.021875 0.040741
2 0.604917 0.578675 0.021875 0.040741
2 0.661692 0.582021 0.021875 0.040741
2 0.763224 0.576895 0.021875 0.040741
2 0.784279 0.583994 0.021875 0.040741
2 0.886197 0.581045 0.021875 0.040741
