1 0.918846 0.570370 0.056001 0.070370
1 0.212735 0.567397 0.053697 0.074074
1 0.021739 0.571869 0.033396 0.061612
0 0.383441 0.567950 0.049753 0.123219
2 0.491597 0.582166 0.021875 0.040741
2 0.509726 0.581318 0.021875 0.040741
2 0.538350 0.578773 0.021875 0.040741
2 0.555047 0.580470 0.021875 0.040741
2 0.611340 0.580470 0.021875 0.040741
2 0.627188 0.580905 0.021875 0.040741
2 0.683963 0.582021 0.021875 0.040741
2 0.708116 0.579232 0.021875 0.040741
2 0.723643 0.583694 0.018425 0.034049
2 0.785908 0.578675 0.021875 0.040741
2 0.806924 0.583694 0.021875 0.040741
2 0.928631 0.578117 0.021875 0.040741
