1 0.442319 0.568519 0.042971 0.074074
1 0.750792 0.570370 0.051584 0.070370
0 0.548524 0.563112 0.072163 0.124074
1 0.036547 0.500737 0.070573 0.206115
1 0.330915 0.565300 0.044795 0.071784
2 0.472100 0.455834 0.021875 0.048853
2 0.487864 0.577151 0.021875 0.040741
2 0.473345 0.579363 0.021875 0.040741
2 0.588669 0.575676 0.021875 0.040741
2 0.518562 0.580838 0.021875 0.040741
2 0.603603 0.579363 0.021875 0.040741
2 0.662095 0.577151 0.021875 0.040741
2 0.763730 0.579363 0.021875 0.040741
2 0.885692 0.582313 0.021875 0.040741
2 0.949577 0.583051 0.021875 0.040741
