0 0.537765 0.573441 0.036971 0.121635
1 0.151818 0.565741 0.055340 0.075926
1 0.795907 0.563472 0.043602 0.063979
1 0.009767 0.569628 0.020794 0.068333
1 0.293691 0.564739 0.049842 0.063933
2 0.472028 0.580710 0.021875 0.040741
2 0.488621 0.581993 0.021875 0.040741
2 0.515315 0.579428 0.021875 0.040741
2 0.588904 0.581351 0.021875 0.040741
2 0.604054 0.581993 0.021875 0.040741
2 0.662492 0.583917 0.021875 0.040741
2 0.686300 0.576862 0.021875 0.040741
2 0.702172 0.582634 0.018989 0.033045
2 0.764771 0.576642 0.021875 0.040741
2 0.784343 0.584499 0.021875 0.040741
2 0.885041 0.578887 0.021875 0.040741
