0 0.407137 0.566204 0.038232 0.125000
1 0.063368 0.568130 0.043404 0.070370
1 0.019849 0.565707 0.033396 0.064972
2 0.492552 0.580470 0.021875 0.040741
2 0.538350 0.583862 0.021875 0.040741
2 0.556955 0.585558 0.021875 0.040741
2 0.612294 0.582166 0.021875 0.040741
2 0.626606 0.577925 0.021875 0.040741
2 0.684808 0.580470 0.021875 0.040741
2 0.708184 0.580470 0.021875 0.040741
2 0.723313 0.587374 0.019693 0.035892
2 0.785091 0.579272 0.021875 0.040741
2 0.807386 0.580537 0.021875 0.040741
2 0.928988 0.580450 0.021875 0.040741
2 0.970396 0.580450 0.021875 0.040741
