1 0.696354 0.566471 0.058054 0.072222
1 0.659787 0.574851 0.049075 0.070370
0 0.597023 0.562347 0.043446 0.136666
1 0.978261 0.564587 0.045999 0.076174
1 0.015123 0.560106 0.032766 0.064972
2 0.487685 0.584965 0.021875 0.040741
2 0.470130 0.583014 0.021875 0.040741
2 0.589729 0.581063 0.021875 0.040741
2 0.603993 0.581063 0.021875 0.040741
2 0.764191 0.577162 0.021875 0.040741
2 0.783393 0.581063 0.021875 0.040741
2 0.887631 0.583014 0.021875 0.040741
2 0.946882 0.578137 0.021875 0.040741
2 0.517824 0.576895 0.021875 0.040741
